0.051267,0.69956,1
-0.092742,0.68494,1
-0.21371,0.69225,1
-0.375,0.50219,1
-0.51325,0.46564,1
-0.52477,0.2098,1
-0.452,0.347,1
-0.352,0.298,1
-0.281,0.392,1
-0.201,0.468,1
-0.125,0.523,1
-0.042,0.567,1
0.042,0.592,1
0.125,0.608,1
0.208,0.615,1
0.292,0.613,1
0.375,0.602,1
0.458,0.583,1
0.542,0.556,1
0.625,0.521,1
0.708,0.479,1
0.792,0.431,1
0.875,0.377,1
0.958,0.318,1
1.042,0.255,1
1.125,0.188,1
1.208,0.119,1
1.292,0.049,1
1.375,-0.021,1
1.458,-0.09,1
1.542,-0.158,1
1.625,-0.224,1
1.708,-0.287,1
1.792,-0.347,1
1.875,-0.403,1
1.958,-0.455,1
2.042,-0.502,1
2.125,-0.544,1
2.208,-0.581,1
2.292,-0.612,1
2.375,-0.637,1
2.458,-0.656,1
2.542,-0.669,1
2.625,-0.676,1
2.708,-0.677,1
2.792,-0.672,1
2.875,-0.661,1
2.958,-0.644,1
3.042,-0.622,1
3.125,-0.594,1
3.208,-0.561,1
3.292,-0.524,1
3.375,-0.482,1
3.458,-0.436,1
3.542,-0.387,1
3.625,-0.335,1
3.708,-0.28,1
3.792,-0.223,1
3.875,-0.164,1
3.958,-0.104,1
4.042,-0.043,1
4.125,0.018,1
4.208,0.078,1
4.292,0.137,1
4.375,0.194,1
4.458,0.249,1
4.542,0.302,1
4.625,0.352,1
4.708,0.399,1
4.792,0.443,1
4.875,0.483,1
4.958,0.519,1
5.042,0.551,1
5.125,0.579,1
5.208,0.603,1
5.292,0.622,1
5.375,0.637,1
5.458,0.648,1
5.542,0.654,1
5.625,0.656,1
5.708,0.653,1
5.792,0.646,1
5.875,0.635,1
5.958,0.62,1
6.042,0.601,1
6.125,0.578,1
6.208,0.552,1
6.292,0.522,1
6.375,0.489,1
6.458,0.453,1
6.542,0.414,1
6.625,0.373,1
6.708,0.33,1
6.792,0.285,1
6.875,0.238,1
6.958,0.19,1
7.042,0.141,1
7.125,0.092,1
7.208,0.042,1
7.292,-0.008,1
7.375,-0.058,1
7.458,-0.107,1
7.542,-0.155,1
7.625,-0.202,1
7.708,-0.247,1
7.792,-0.29,1
7.875,-0.331,1
7.958,-0.37,1
8.042,-0.406,1
8.125,-0.44,1
8.208,-0.471,1
8.292,-0.499,1
8.375,-0.524,1
8.458,-0.546,1
8.542,-0.565,1
8.625,-0.581,1
8.708,-0.593,1
8.792,-0.602,1
8.875,-0.608,1
8.958,-0.61,1
9.042,-0.609,1
9.125,-0.604,1
9.208,-0.596,1
9.292,-0.585,1
9.375,-0.57,1
9.458,-0.552,1
9.542,-0.531,1
9.625,-0.507,1
9.708,-0.48,1
9.792,-0.45,1
9.875,-0.418,1
9.958,-0.383,1
10.042,-0.346,1
10.125,-0.307,1
10.208,-0.266,1
10.292,-0.224,1
10.375,-0.18,1
10.458,-0.135,1
10.542,-0.089,1
10.625,-0.043,1
10.708,0.004,1
10.792,0.05,1
10.875,0.096,1
10.958,0.141,1
11.042,0.185,1
11.125,0.228,1
11.208,0.27,1
11.292,0.31,1
11.375,0.348,1
11.458,0.384,1
11.542,0.418,1
11.625,0.45,1
11.708,0.479,1
11.792,0.506,1
11.875,0.53,1
11.958,0.551,1
12.042,0.569,1
12.125,0.584,1
12.208,0.596,1
12.292,0.605,1
12.375,0.611,1
12.458,0.614,1
12.542,0.613,1
12.625,0.609,1
12.708,0.602,1
12.792,0.592,1
12.875,0.579,1
12.958,0.563,1
13.042,0.544,1
13.125,0.522,1
13.208,0.498,1
13.292,0.471,1
13.375,0.442,1
13.458,0.411,1
13.542,0.378,1
13.625,0.343,1
13.708,0.306,1
13.792,0.268,1
13.875,0.229,1
13.958,0.189,1
14.042,0.148,1
14.125,0.106,1
14.208,0.064,1
14.292,0.022,1
14.375,-0.02,1
14.458,-0.062,1
14.542,-0.103,1
14.625,-0.143,1
14.708,-0.182,1
14.792,-0.22,1
14.875,-0.256,1
14.958,-0.291,1
15.042,-0.324,1
15.125,-0.355,1
15.208,-0.384,1
15.292,-0.411,1
15.375,-0.436,1
15.458,-0.458,1
15.542,-0.478,1
15.625,-0.495,1
15.708,-0.51,1
15.792,-0.522,1
15.875,-0.531,1
15.958,-0.538,1
16.042,-0.542,1
16.125,-0.544,1
16.208,-0.543,1
16.292,-0.54,1
16.375,-0.534,1
16.458,-0.526,1
16.542,-0.515,1
16.625,-0.502,1
16.708,-0.487,1
16.792,-0.47,1
16.875,-0.451,1
16.958,-0.43,1
17.042,-0.407,1
17.125,-0.382,1
17.208,-0.356,1
17.292,-0.328,1
17.375,-0.299,1
17.458,-0.269,1
17.542,-0.238,1
17.625,-0.206,1
17.708,-0.173,1
17.792,-0.14,1
17.875,-0.107,1
17.958,-0.074,1
18.042,-0.041,1
18.125,-0.009,1
18.208,0.023,1
18.292,0.054,1
18.375,0.084,1
18.458,0.113,1
18.542,0.141,1
18.625,0.168,1
18.708,0.194,1
18.792,0.218,1
18.875,0.241,1
18.958,0.262,1
19.042,0.282,1
19.125,0.3,1
19.208,0.316,1
19.292,0.331,1
19.375,0.344,1
19.458,0.355,1
19.542,0.364,1
19.625,0.371,1
19.708,0.376,1
19.792,0.379,1
19.875,0.38,1
19.958,0.379,1
20.042,0.376,1
20.125,0.371,1
20.208,0.364,1
20.292,0.355,1
20.375,0.344,1
20.458,0.331,1
20.542,0.316,1
20.625,0.299,1
20.708,0.28,1
20.792,0.259,1
20.875,0.236,1
20.958,0.211,1
21.042,0.184,1
21.125,0.155,1
21.208,0.124,1
21.292,0.091,1
21.375,0.056,1
21.458,0.019,1
21.542,-0.02,1
21.625,-0.061,1
21.708,-0.103,1
21.792,-0.146,1
21.875,-0.19,1
21.958,-0.234,1
22.042,-0.278,1
22.125,-0.322,1
22.208,-0.366,1
22.292,-0.409,1
22.375,-0.451,1
22.458,-0.492,1
22.542,-0.532,1
22.625,-0.57,1
22.708,-0.606,1
22.792,-0.64,1
22.875,-0.672,1
22.958,-0.702,1
23.042,-0.729,1
23.125,-0.754,1
23.208,-0.776,1
23.292,-0.796,1
23.375,-0.813,1
23.458,-0.827,1
23.542,-0.839,1
23.625,-0.848,1
23.708,-0.854,1
23.792,-0.857,1
23.875,-0.857,1
23.958,-0.854,1
24.042,-0.848,1
24.125,-0.839,1
24.208,-0.827,1
24.292,-0.812,1
24.375,-0.794,1
24.458,-0.773,1
24.542,-0.749,1
24.625,-0.722,1
24.708,-0.692,1
24.792,-0.659,1
24.875,-0.623,1
24.958,-0.584,1
25.042,-0.542,1
25.125,-0.497,1
25.208,-0.449,1
25.292,-0.398,1
25.375,-0.344,1
25.458,-0.287,1
25.542,-0.227,1
25.625,-0.164,1
25.708,-0.098,1
25.792,-0.029,1
25.875,0.042,1
25.958,0.115,1
26.042,0.19,1
26.125,0.267,1
26.208,0.345,1
26.292,0.424,1
26.375,0.504,1
26.458,0.584,1
26.542,0.664,1
26.625,0.744,1
26.708,0.823,1
26.792,0.901,1
26.875,0.978,1
26.958,1.054,1
27.042,1.128,1
27.125,1.2,1
27.208,1.27,1
27.292,1.338,1
27.375,1.404,1
27.458,1.467,1
27.542,1.528,1
27.625,1.586,1
27.708,1.641,1
27.792,1.693,1
27.875,1.742,1
27.958,1.788,1
28.042,1.83,1
28.125,1.869,1
28.208,1.904,1
28.292,1.936,1
28.375,1.964,1
28.458,1.988,1
28.542,2.009,1
28.625,2.026,1
28.708,2.039,1
28.792,2.048,1
28.875,2.053,1
28.958,2.054,1
29.042,2.051,1
29.125,2.044,1
29.208,2.033,1
29.292,2.018,1
29.375,1.999,1
29.458,1.976,1
29.542,1.949,1
29.625,1.918,1
29.708,1.883,1
29.792,1.844,1
29.875,1.801,1
29.958,1.754,1
30.042,1.703,1
30.125,1.648,1
30.208,1.589,1
30.292,1.526,1
30.375,1.459,1
30.458,1.388,1
30.542,1.313,1
30.625,1.234,1
30.708,1.151,1
30.792,1.064,1
30.875,0.973,1
30.958,0.878,1
31.042,0.779,1
31.125,0.676,1
31.208,0.569,1
31.292,0.458,1
31.375,0.343,1
31.458,0.224,1
31.542,0.101,1
31.625,-0.026,1
31.708,-0.157,1
31.792,-0.292,1
31.875,-0.43,1
31.958,-0.571,1
32.042,-0.715,1
32.125,-0.861,1
32.208,-1.009,1
32.292,-1.159,1
32.375,-1.31,1
32.458,-1.462,1
32.542,-1.615,1
32.625,-1.768,1
32.708,-1.921,1
32.792,-2.074,1
32.875,-2.226,1
32.958,-2.377,1
33.042,-2.527,1
33.125,-2.675,1
33.208,-2.821,1
33.292,-2.965,1
33.375,-3.107,1
33.458,-3.246,1
33.542,-3.382,1
33.625,-3.515,1
33.708,-3.645,1
33.792,-3.771,1
33.875,-3.893,1
33.958,-4.011,1
34.042,-4.125,1
34.125,-4.235,1
34.208,-4.34,1
34.292,-4.44,1
34.375,-4.535,1
34.458,-4.625,1
34.542,-4.71,1
34.625,-4.789,1
34.708,-4.863,1
34.792,-4.931,1
34.875,-4.993,1
34.958,-5.049,1
35.042,-5.099,1
35.125,-5.143,1
35.208,-5.181,1
35.292,-5.212,1
35.375,-5.237,1
35.458,-5.255,1
35.542,-5.267,1
35.625,-5.272,1
35.708,-5.271,1
35.792,-5.263,1
35.875,-5.249,1
35.958,-5.228,1
36.042,-5.201,1
36.125,-5.167,1
36.208,-5.127,1
36.292,-5.08,1
36.375,-5.027,1
36.458,-4.968,1
36.542,-4.903,1
36.625,-4.832,1
36.708,-4.755,1
36.792,-4.672,1
36.875,-4.584,1
36.958,-4.49,1
37.042,-4.391,1
37.125,-4.287,1
37.208,-4.178,1
37.292,-4.065,1
37.375,-3.948,1
37.458,-3.827,1
37.542,-3.702,1
37.625,-3.574,1
37.708,-3.443,1
37.792,-3.309,1
37.875,-3.173,1
37.958,-3.035,1
38.042,-2.895,1
38.125,-2.754,1
38.208,-2.612,1
38.292,-2.469,1
38.375,-2.326,1
38.458,-2.183,1
38.542,-2.04,1
38.625,-1.898,1
38.708,-1.757,1
38.792,-1.617,1
38.875,-1.479,1
38.958,-1.343,1
39.042,-1.209,1
39.125,-1.078,1
39.208,-0.95,1
39.292,-0.825,1
39.375,-0.704,1
39.458,-0.587,1
39.542,-0.474,1
39.625,-0.366,1
39.708,-0.263,1
39.792,-0.165,1
39.875,-0.072,1
39.958,0.016,1
40.042,0.099,1
40.125,0.177,1
40.208,0.25,1
40.292,0.318,1
40.375,0.381,1
40.458,0.439,1
40.542,0.492,1
40.625,0.54,1
40.708,0.583,1
40.792,0.621,1
40.875,0.654,1
40.958,0.682,1
41.042,0.705,1
41.125,0.723,1
41.208,0.736,1
41.292,0.744,1
41.375,0.747,1
41.458,0.745,1
41.542,0.738,1
41.625,0.726,1
41.708,0.709,1
41.792,0.687,1
41.875,0.66,1
41.958,0.628,1
42.042,0.591,1
42.125,0.549,1
42.208,0.502,1
42.292,0.45,1
42.375,0.393,1
42.458,0.331,1
42.542,0.264,1
42.625,0.192,1
42.708,0.115,1
42.792,0.033,1
42.875,-0.054,1
42.958,-0.146,1
43.042,-0.243,1
43.125,-0.344,1
43.208,-0.449,1
43.292,-0.558,1
43.375,-0.67,1
43.458,-0.785,1
43.542,-0.903,1
43.625,-1.023,1
43.708,-1.145,1
43.792,-1.268,1
43.875,-1.392,1
43.958,-1.517,1
44.042,-1.642,1
44.125,-1.767,1
44.208,-1.891,1
44.292,-2.014,1
44.375,-2.136,1
44.458,-2.256,1
44.542,-2.374,1
44.625,-2.489,1
44.708,-2.601,1
44.792,-2.71,1
44.875,-2.815,1
44.958,-2.916,1
45.042,-3.013,1
45.125,-3.105,1
45.208,-3.192,1
45.292,-3.274,1
45.375,-3.351,1
45.458,-3.422,1
45.542,-3.488,1
45.625,-3.548,1
45.708,-3.602,1
45.792,-3.65,1
45.875,-3.692,1
45.958,-3.728,1
46.042,-3.758,1
46.125,-3.782,1
46.208,-3.799,1
46.292,-3.81,1
46.375,-3.815,1
46.458,-3.814,1
46.542,-3.807,1
46.625,-3.794,1
46.708,-3.775,1
46.792,-3.75,1
46.875,-3.719,1
46.958,-3.682,1
47.042,-3.64,1
47.125,-3.592,1
47.208,-3.539,1
47.292,-3.481,1
47.375,-3.418,1
47.458,-3.35,1
47.542,-3.278,1
47.625,-3.202,1
47.708,-3.122,1
47.792,-3.038,1
47.875,-2.951,1
47.958,-2.861,1
48.042,-2.768,1
48.125,-2.673,1
48.208,-2.576,1
48.292,-2.477,1
48.375,-2.376,1
48.458,-2.274,1
48.542,-2.171,1
48.625,-2.067,1
48.708,-1.962,1
48.792,-1.857,1
48.875,-1.752,1
48.958,-1.647,1
49.042,-1.543,1
49.125,-1.44,1
49.208,-1.338,1
49.292,-1.237,1
49.375,-1.138,1
49.458,-1.041,1
49.542,-0.946,1
49.625,-0.854,1
49.708,-0.764,1
49.792,-0.677,1
49.875,-0.593,1
49.958,-0.512,1
50.042,-0.434,1
50.125,-0.36,1
50.208,-0.289,1
50.292,-0.222,1
50.375,-0.159,1
50.458,-0.1,1
50.542,-0.045,1
50.625,0.006,1
50.708,0.053,1
50.792,0.096,1
50.875,0.135,1
50.958,0.17,1
51.042,0.201,1
51.125,0.228,1
51.208,0.251,1
51.292,0.27,1
51.375,0.285,1
51.458,0.296,1
51.542,0.303,1
51.625,0.306,1
51.708,0.305,1
51.792,0.3,1
51.875,0.291,1
51.958,0.278,1
52.042,0.261,1
52.125,0.24,1
52.208,0.215,1
52.292,0.186,1
52.375,0.153,1
52.458,0.116,1
52.542,0.075,1
52.625,0.03,1
52.708,-0.019,1
52.792,-0.072,1
52.875,-0.129,1
52.958,-0.19,1
53.042,-0.254,1
53.125,-0.322,1
53.208,-0.393,1
53.292,-0.467,1
53.375,-0.544,1
53.458,-0.623,1
53.542,-0.704,1
53.625,-0.787,1
53.708,-0.871,1
53.792,-0.956,1
53.875,-1.042,1
53.958,-1.128,1
54.042,-1.214,1
54.125,-1.299,1
54.208,-1.383,1
54.292,-1.466,1
54.375,-1.547,1
54.458,-1.626,1
54.542,-1.703,1
54.625,-1.777,1
54.708,-1.848,1
54.792,-1.916,1
54.875,-1.981,1
54.958,-2.042,1
55.042,-2.099,1
55.125,-2.152,1
55.208,-2.201,1
55.292,-2.245,1
55.375,-2.285,1
55.458,-2.32,1
55.542,-2.35,1
55.625,-2.375,1
55.708,-2.395,1
55.792,-2.41,1
55.875,-2.42,1
55.958,-2.425,1
56.042,-2.425,1
56.125,-2.42,1
56.208,-2.41,1
56.292,-2.395,1
56.375,-2.375,1
56.458,-2.35,1
56.542,-2.32,1
56.625,-2.285,1
56.708,-2.245,1
56.792,-2.201,1
56.875,-2.152,1
56.958,-2.099,1
57.042,-2.042,1
57.125,-1.981,1
57.208,-1.916,1
57.292,-1.848,1
57.375,-1.777,1
57.458,-1.703,1
57.542,-1.626,1
57.625,-1.547,1
57.708,-1.466,1
57.792,-1.383,1
57.875,-1.299,1
57.958,-1.214,1
58.042,-1.128,1
58.125,-1.042,1
58.208,-0.956,1
58.292,-0.871,1
58.375,-0.787,1
58.458,-0.704,1
58.542,-0.623,1
58.625,-0.544,1
58.708,-0.467,1
58.792,-0.393,1
58.875,-0.322,1
58.958,-0.254,1
59.042,-0.19,1
59.125,-0.129,1
59.208,-0.072,1
59.292,-0.019,1
59.375,0.03,1
59.458,0.075,1
59.542,0.116,1
59.625,0.153,1
59.708,0.186,1
59.792,0.215,1
59.875,0.24,1
59.958,0.261,1
60.042,0.278,1
60.125,0.291,1
60.208,0.3,1
60.292,0.305,1
60.375,0.306,1
60.458,0.303,1
60.542,0.296,1
60.625,0.285,1
60.708,0.27,1
60.792,0.251,1
60.875,0.228,1
60.958,0.201,1
61.042,0.17,1
61.125,0.135,1
61.208,0.096,1
61.292,0.053,1
61.375,0.006,1
61.458,-0.045,1
61.542,-0.1,1
61.625,-0.159,1
61.708,-0.222,1
61.792,-0.289,1
61.875,-0.36,1
61.958,-0.434,1
62.042,-0.512,1
62.125,-0.593,1
62.208,-0.677,1
62.292,-0.764,1
62.375,-0.854,1
62.458,-0.946,1
62.542,-1.041,1
62.625,-1.138,1
62.708,-1.237,1
62.792,-1.338,1
62.875,-1.44,1
62.958,-1.543,1
63.042,-1.647,1
63.125,-1.752,1
63.208,-1.857,1
63.292,-1.962,1
63.375,-2.067,1
63.458,-2.171,1
63.542,-2.274,1
63.625,-2.376,1
63.708,-2.477,1
63.792,-2.576,1
63.875,-2.673,1
63.958,-2.768,1
64.042,-2.861,1
64.125,-2.951,1
64.208,-3.038,1
64.292,-3.122,1
64.375,-3.202,1
64.458,-3.278,1
64.542,-3.35,1
64.625,-3.418,1
64.708,-3.481,1
64.792,-3.539,1
64.875,-3.592,1
64.958,-3.64,1
65.042,-3.682,1
65.125,-3.719,1
65.208,-3.75,1
65.292,-3.775,1
65.375,-3.794,1
65.458,-3.807,1
65.542,-3.814,1
65.625,-3.815,1
65.708,-3.81,1
65.792,-3.799,1
65.875,-3.782,1
65.958,-3.758,1
66.042,-3.728,1
66.125,-3.692,1
66.208,-3.65,1
66.292,-3.602,1
66.375,-3.548,1
66.458,-3.488,1
66.542,-3.422,1
66.625,-3.351,1
66.708,-3.274,1
66.792,-3.192,1
66.875,-3.105,1
66.958,-3.013,1
67.042,-2.916,1
67.125,-2.815,1
67.208,-2.71,1
67.292,-2.601,1
67.375,-2.489,1
67.458,-2.374,1
67.542,-2.256,1
67.625,-2.136,1
67.708,-2.014,1
67.792,-1.891,1
67.875,-1.767,1
67.958,-1.642,1
68.042,-1.517,1
68.125,-1.392,1
68.208,-1.268,1
68.292,-1.145,1
68.375,-1.023,1
68.458,-0.903,1
68.542,-0.785,1
68.625,-0.67,1
68.708,-0.558,1
68.792,-0.449,1
68.875,-0.344,1
68.958,-0.243,1
69.042,-0.146,1
69.125,-0.054,1
69.208,0.033,1
69.292,0.115,1
69.375,0.192,1
69.458,0.264,1
69.542,0.331,1
69.625,0.393,1
69.708,0.45,1
69.792,0.502,1
69.875,0.549,1
69.958,0.591,1
70.042,0.628,1
70.125,0.66,1
70.208,0.687,1
70.292,0.709,1
70.375,0.726,1
70.458,0.738,1
70.542,0.745,1
70.625,0.747,1
70.708,0.744,1
70.792,0.736,1
70.875,0.723,1
70.958,0.705,1
71.042,0.682,1
71.125,0.654,1
71.208,0.621,1
71.292,0.583,1
71.375,0.54,1
71.458,0.492,1
71.542,0.439,1
71.625,0.381,1
71.708,0.318,1
71.792,0.25,1
71.875,0.177,1
71.958,0.099,1
72.042,0.016,1
72.125,-0.072,1
72.208,-0.165,1
72.292,-0.263,1
72.375,-0.366,1
72.458,-0.474,1
72.542,-0.587,1
72.625,-0.704,1
72.708,-0.825,1
72.792,-0.95,1
72.875,-1.078,1
72.958,-1.209,1
73.042,-1.343,1
73.125,-1.479,1
73.208,-1.617,1
73.292,-1.757,1
73.375,-1.898,1
73.458,-2.04,1
73.542,-2.183,1
73.625,-2.326,1
73.708,-2.469,1
73.792,-2.612,1
73.875,-2.754,1
73.958,-2.895,1
74.042,-3.035,1
74.125,-3.173,1
74.208,-3.309,1
74.292,-3.443,1
74.375,-3.574,1
74.458,-3.702,1
74.542,-3.827,1
74.625,-3.948,1
74.708,-4.065,1
74.792,-4.178,1
74.875,-4.287,1
74.958,-4.391,1
75.042,-4.49,1
75.125,-4.584,1
75.208,-4.672,1
75.292,-4.755,1
75.375,-4.832,1
75.458,-4.903,1
75.542,-4.968,1
75.625,-5.027,1
75.708,-5.08,1
75.792,-5.127,1
75.875,-5.167,1
75.958,-5.201,1
76.042,-5.228,1
76.125,-5.249,1
76.208,-5.263,1
76.292,-5.271,1
76.375,-5.272,1
76.458,-5.267,1
76.542,-5.255,1
76.625,-5.237,1
76.708,-5.212,1
76.792,-5.181,1
76.875,-5.143,1
76.958,-5.099,1
77.042,-5.049,1
77.125,-4.993,1
77.208,-4.931,1
77.292,-4.863,1
77.375,-4.789,1
77.458,-4.71,1
77.542,-4.625,1
77.625,-4.535,1
77.708,-4.44,1
77.792,-4.34,1
77.875,-4.235,1
77.958,-4.125,1
78.042,-4.011,1
78.125,-3.893,1
78.208,-3.771,1
78.292,-3.645,1
78.375,-3.515,1
78.458,-3.382,1
78.542,-3.246,1
78.625,-3.107,1
78.708,-2.965,1
78.792,-2.821,1
78.875,-2.675,1
78.958,-2.527,1
79.042,-2.377,1
79.125,-2.226,1
79.208,-2.074,1
79.292,-1.921,1
79.375,-1.768,1
79.458,-1.615,1
79.542,-1.462,1
79.625,-1.31,1
79.708,-1.159,1
79.792,-1.009,1
79.875,-0.861,1
79.958,-0.715,1
80.042,-0.571,1
80.125,-0.43,1
80.208,-0.292,1
80.292,-0.157,1
80.375,-0.026,1
80.458,0.101,1
80.542,0.224,1
80.625,0.343,1
80.708,0.458,1
80.792,0.569,1
80.875,0.676,1
80.958,0.779,1
81.042,0.878,1
81.125,0.973,1
81.208,1.064,1
81.292,1.151,1
81.375,1.234,1
81.458,1.313,1
81.542,1.388,1
81.625,1.459,1
81.708,1.526,1
81.792,1.589,1
81.875,1.648,1
81.958,1.703,1
82.042,1.754,1
82.125,1.801,1
82.208,1.844,1
82.292,1.883,1
82.375,1.918,1
82.458,1.949,1
82.542,1.976,1
82.625,1.999,1
82.708,2.018,1
82.792,2.033,1
82.875,2.044,1
82.958,2.051,1
83.042,2.054,1
83.125,2.053,1
83.208,2.048,1
83.292,2.039,1
83.375,2.026,1
83.458,2.009,1
83.542,1.988,1
83.625,1.964,1
83.708,1.936,1
83.792,1.904,1
83.875,1.869,1
83.958,1.83,1
84.042,1.788,1
84.125,1.742,1
84.208,1.693,1
84.292,1.641,1
84.375,1.586,1
84.458,1.528,1
84.542,1.467,1
84.625,1.404,1
84.708,1.338,1
84.792,1.27,1
84.875,1.2,1
84.958,1.128,1
85.042,1.054,1
85.125,0.978,1
85.208,0.901,1
85.292,0.823,1
85.375,0.744,1
85.458,0.664,1
85.542,0.584,1
85.625,0.504,1
85.708,0.424,1
85.792,0.345,1
85.875,0.267,1
85.958,0.19,1
86.042,0.115,1
86.125,0.042,1
86.208,-0.029,1
86.292,-0.098,1
86.375,-0.164,1
86.458,-0.227,1
86.542,-0.287,1
86.625,-0.344,1
86.708,-0.398,1
86.792,-0.449,1
86.875,-0.497,1
86.958,-0.542,1
87.042,-0.584,1
87.125,-0.623,1
87.208,-0.659,1
87.292,-0.692,1
87.375,-0.722,1
87.458,-0.749,1
87.542,-0.773,1
87.625,-0.794,1
87.708,-0.812,1
87.792,-0.827,1
87.875,-0.839,1
87.958,-0.848,1
88.042,-0.854,1
88.125,-0.857,1
88.208,-0.857,1
88.292,-0.854,1
88.375,-0.848,1
88.458,-0.839,1
88.542,-0.827,1
88.625,-0.813,1
88.708,-0.796,1
88.792,-0.776,1
88.875,-0.754,1
88.958,-0.729,1
89.042,-0.702,1
89.125,-0.672,1
89.208,-0.64,1
89.292,-0.606,1
89.375,-0.57,1
89.458,-0.532,1
89.542,-0.492,1
89.625,-0.451,1
89.708,-0.409,1
89.792,-0.366,1
89.875,-0.322,1
89.958,-0.278,1
90.042,-0.234,1
90.125,-0.19,1
90.208,-0.146,1
90.292,-0.103,1
90.375,-0.061,1
90.458,-0.02,1
90.542,0.019,1
90.625,0.056,1
90.708,0.091,1
90.792,0.124,1
90.875,0.155,1
90.958,0.184,1
91.042,0.211,1
91.125,0.236,1
91.208,0.259,1
91.292,0.28,1
91.375,0.299,1
91.458,0.316,1
91.542,0.331,1
91.625,0.344,1
91.708,0.355,1
91.792,0.364,1
91.875,0.371,1
91.958,0.376,1
92.042,0.379,1
92.125,0.38,1
92.208,0.379,1
92.292,0.376,1
92.375,0.371,1
92.458,0.364,1
92.542,0.355,1
92.625,0.344,1
92.708,0.331,1
92.792,0.316,1
92.875,0.3,1
92.958,0.282,1
93.042,0.262,1
93.125,0.241,1
93.208,0.218,1
93.292,0.194,1
93.375,0.168,1
93.458,0.141,1
93.542,0.113,1
93.625,0.084,1
93.708,0.054,1
93.792,0.023,1
93.875,-0.009,1
93.958,-0.041,1
94.042,-0.074,1
94.125,-0.107,1
94.208,-0.14,1
94.292,-0.173,1
94.375,-0.206,1
94.458,-0.238,1
94.542,-0.269,1
94.625,-0.299,1
94.708,-0.328,1
94.792,-0.356,1
94.875,-0.382,1
94.958,-0.407,1
95.042,-0.43,1
95.125,-0.451,1
95.208,-0.47,1
95.292,-0.487,1
95.375,-0.502,1
95.458,-0.515,1
95.542,-0.526,1
95.625,-0.534,1
95.708,-0.54,1
95.792,-0.543,1
95.875,-0.544,1
95.958,-0.542,1
96.042,-0.538,1
96.125,-0.531,1
96.208,-0.522,1
96.292,-0.51,1
96.375,-0.495,1
96.458,-0.478,1
96.542,-0.458,1
96.625,-0.436,1
96.708,-0.411,1
96.792,-0.384,1
96.875,-0.355,1
96.958,-0.324,1
97.042,-0.291,1
97.125,-0.256,1
97.208,-0.22,1
97.292,-0.183,1
97.375,-0.146,1
97.458,-0.109,1
97.542,-0.072,1
97.625,-0.036,1
97.708,0,1
97.792,0.035,1
97.875,0.068,1
97.958,0.1,1
98.042,0.13,1
98.125,0.158,1
98.208,0.184,1
98.292,0.208,1
98.375,0.23,1
98.458,0.25,1
98.542,0.267,1
98.625,0.282,1
98.708,0.295,1
98.792,0.305,1
98.875,0.313,1
98.958,0.318,1
99.042,0.321,1
99.125,0.321,1
99.208,0.319,1
99.292,0.315,1
99.375,0.308,1
99.458,0.299,1
99.542,0.287,1
99.625,0.273,1
99.708,0.257,1
99.792,0.239,1
99.875,0.219,1
99.958,0.197,1
100.042,0.173,1
100.125,0.147,1
100.208,0.12,1
100.292,0.092,1
100.375,0.063,1
100.458,0.033,1
100.542,0.002,1
100.625,-0.029,1
100.708,-0.06,1
100.792,-0.09,1
100.875,-0.119,1
100.958,-0.147,1
101.042,-0.173,1
101.125,-0.197,1
101.208,-0.219,1
101.292,-0.239,1
101.375,-0.257,1
101.458,-0.273,1
101.542,-0.287,1
101.625,-0.299,1
101.708,-0.308,1
101.792,-0.315,1
101.875,-0.319,1
101.958,-0.321,1
102.042,-0.321,1
102.125,-0.318,1
102.208,-0.313,1
102.292,-0.305,1
102.375,-0.295,1
102.458,-0.282,1
102.542,-0.267,1
102.625,-0.25,1
102.708,-0.23,1
102.792,-0.208,1
102.875,-0.184,1
102.958,-0.158,1
103.042,-0.13,1
103.125,-0.1,1
103.208,-0.068,1
103.292,-0.035,1
103.375,0,1
103.458,0.036,1
103.542,0.072,1
103.625,0.109,1
103.708,0.146,1
103.792,0.183,1
103.875,0.22,1
103.958,0.256,1
104.042,0.291,1
104.125,0.324,1
104.208,0.355,1
104.292,0.384,1
104.375,0.411,1
104.458,0.436,1
104.542,0.458,1
104.625,0.478,1
104.708,0.495,1
104.792,0.51,1
104.875,0.522,1
104.958,0.531,1
105.042,0.538,1
105.125,0.542,1
105.208,0.543,1
105.292,0.542,1
105.375,0.538,1
105.458,0.531,1
105.542,0.522,1
105.625,0.51,1
105.708,0.495,1
105.792,0.478,1
105.875,0.458,1
105.958,0.436,1
106.042,0.411,1
106.125,0.384,1
106.208,0.355,1
106.292,0.324,1
106.375,0.291,1
106.458,0.256,1
106.542,0.22,1
106.625,0.183,1
106.708,0.146,1
106.792,0.109,1
106.875,0.072,1
106.958,0.036,1
107.042,0,1
107.125,-0.035,1
107.208,-0.072,1
107.292,-0.109,1
107.375,-0.146,1
107.458,-0.183,1
107.542,-0.22,1
107.625,-0.256,1
107.708,-0.291,1
107.792,-0.324,1
107.875,-0.355,1
107.958,-0.384,1
108.042,-0.411,1
108.125,-0.436,1
108.208,-0.458,1
108.292,-0.478,1
108.375,-0.495,1
108.458,-0.51,1
108.542,-0.522,1
108.625,-0.531,1
108.708,-0.538,1
108.792,-0.542,1
108.875,-0.543,1
108.958,-0.542,1
109.042,-0.538,1
109.125,-0.531,1
109.208,-0.522,1
109.292,-0.51,1
109.375,-0.495,1
109.458,-0.478,1
109.542,-0.458,1
109.625,-0.436,1
109.708,-0.411,1
109.792,-0.384,1
109.875,-0.355,1
109.958,-0.324,1
110.042,-0.291,1
110.125,-0.256,1
110.208,-0.22,1
110.292,-0.183,1
110.375,-0.146,1
110.458,-0.109,1
110.542,-0.072,1
110.625,-0.035,1
110.708,0,1
110.792,0.036,1
110.875,0.072,1
110.958,0.109,1
111.042,0.146,1
111.125,0.183,1
111.208,0.22,1
111.292,0.256,1
111.375,0.291,1
111.458,0.324,1
111.542,0.355,1
111.625,0.384,1
111.708,0.411,1
111.792,0.436,1
111.875,0.458,1
111.958,0.478,1
112.042,0.495,1
112.125,0.51,1
112.208,0.522,1
112.292,0.531,1
112.375,0.538,1
112.458,0.542,1
112.542,0.543,1
112.625,0.542,1
112.708,0.538,1
112.792,0.531,1
112.875,0.522,1
112.958,0.51,1
113.042,0.495,1
113.125,0.478,1
113.208,0.458,1
113.292,0.436,1
113.375,0.411,1
113.458,0.384,1
113.542,0.355,1
113.625,0.324,1
113.708,0.291,1
113.792,0.256,1
113.875,0.22,1
113.958,0.183,1
114.042,0.146,1
114.125,0.109,1
114.208,0.072,1
114.292,0.036,1
114.375,0,1
114.458,-0.035,1
114.542,-0.072,1
114.625,-0.109,1
114.708,-0.146,1
114.792,-0.183,1
114.875,-0.22,1
114.958,-0.256,1
115.042,-0.291,1
115.125,-0.324,1
115.208,-0.355,1
115.292,-0.384,1
115.375,-0.411,1
115.458,-0.436,1
115.542,-0.458,1
115.625,-0.478,1
115.708,-0.495,1
115.792,-0.51,1
115.875,-0.522,1
115.958,-0.531,1
116.042,-0.538,1
116.125,-0.542,1
116.208,-0.543,1
116.292,-0.542,1
116.375,-0.538,1
116.458,-0.531,1
116.542,-0.522,1
116.625,-0.51,1
116.708,-0.495,1
116.792,-0.478,1
116.875,-0.458,1
116.958,-0.436,1
117.042,-0.411,1
117.125,-0.384,1
117.208,-0.355,1
117.292,-0.324,1
117.375,-0.291,1
117.458,-0.256,1
117.542,-0.22,1
117.625,-0.183,1
117.708,-0.146,1
117.792,-0.109,1
117.875,-0.072,1
117.958,-0.035,1
118.042,0,1
118.125,0.036,1
118.208,0.072,1
118.292,0.109,1
118.375,0.146,1
118.458,0.183,1
118.542,0.22,1
118.625,0.256,1
118.708,0.291,1
118.792,0.324,1
118.875,0.355,1
118.958,0.384,1
119.042,0.411,1
119.125,0.436,1
119.208,0.458,1
119.292,0.478,1
119.375,0.495,1
119.458,0.51,1
119.542,0.522,1
119.625,0.531,1
119.708,0.538,1
119.792,0.542,1
119.875,0.543,1
119.958,0.542,1
120.042,0.538,1
120.125,0.531,1
120.208,0.522,1
120.292,0.51,1
120.375,0.495,1
120.458,0.478,1
120.542,0.458,1
120.625,0.436,1
120.708,0.411,1
120.792,0.384,1
120.875,0.355,1
120.958,0.324,1
121.042,0.291,1
121.125,0.256,1
121.208,0.22,1
121.292,0.183,1
121.375,0.146,1
121.458,0.109,1
121.542,0.072,1
121.625,0.036,1
121.708,0,1
121.792,-0.035,1
121.875,-0.072,1
121.958,-0.109,1
122.042,-0.146,1
122.125,-0.183,1
122.208,-0.22,1
122.292,-0.256,1
122.375,-0.291,1
122.458,-0.324,1
122.542,-0.355,1
122.625,-0.384,1
122.708,-0.411,1
122.792,-0.436,1
122.875,-0.458,1
122.958,-0.478,1
123.042,-0.495,1
123.125,-0.51,1
123.208,-0.522,1
123.292,-0.531,1
123.375,-0.538,1
123.458,-0.542,1
123.542,-0.543,1
123.625,-0.542,1
123.708,-0.538,1
123.792,-0.531,1
123.875,-0.522,1
123.958,-0.51,1
124.042,-0.495,1
124.125,-0.478,1
124.208,-0.458,1
124.292,-0.436,1
124.375,-0.411,1
124.458,-0.384,1
124.542,-0.355,1
124.625,-0.324,1
124.708,-0.291,1
124.792,-0.256,1
124.875,-0.22,1
124.958,-0.183,1
125.042,-0.146,1
125.125,-0.109,1
125.208,-0.072,1
125.292,-0.035,1
125.375,0,1
125.458,0.036,1
125.542,0.072,1
125.625,0.109,1
125.708,0.146,1
125.792,0.183,1
125.875,0.22,1
125.958,0.256,1
126.042,0.291,1
126.125,0.324,1
126.208,0.355,1
126.292,0.384,1
126.375,0.411,1
126.458,0.436,1
126.542,0.458,1
126.625,0.478,1
126.708,0.495,1
126.792,0.51,1
126.875,0.522,1
126.958,0.531,1
127.042,0.538,1
127.125,0.542,1
127.208,0.543,1
127.292,0.542,1
127.375,0.538,1
127.458,0.531,1
127.542,0.522,1
127.625,0.51,1
127.708,0.495,1
127.792,0.478,1
127.875,0.458,1
127.958,0.436,1
128.042,0.411,1
128.125,0.384,1
128.208,0.355,1
128.292,0.324,1
128.375,0.291,1
128.458,0.256,1
128.542,0.22,1
128.625,0.183,1
128.708,0.146,1
128.792,0.109,1
128.875,0.072,1
128.958,0.036,1
129.042,0,1
129.125,-0.035,1
129.208,-0.072,1
129.292,-0.109,1
129.375,-0.146,1
129.458,-0.183,1
129.542,-0.22,1
129.625,-0.256,1
129.708,-0.291,1
129.792,-0.324,1
129.875,-0.355,1
129.958,-0.384,1
130.042,-0.411,1
130.125,-0.436,1
130.208,-0.458,1
130.292,-0.478,1
130.375,-0.495,1
130.458,-0.51,1
130.542,-0.522,1
130.625,-0.531,1
130.708,-0.538,1
130.792,-0.542,1
130.875,-0.543,1
130.958,-0.542,1
131.042,-0.538,1
131.125,-0.531,1
131.208,-0.522,1
131.292,-0.51,1
131.375,-0.495,1
131.458,-0.478,1
131.542,-0.458,1
131.625,-0.436,1
131.708,-0.411,1
131.792,-0.384,1
131.875,-0.355,1
131.958,-0.324,1
132.042,-0.291,1
132.125,-0.256,1
132.208,-0.22,1
132.292,-0.183,1
132.375,-0.146,1
132.458,-0.109,1
132.542,-0.072,1
132.625,-0.035,1
132.708,0,1
132.792,0.036,1
132.875,0.072,1
132.958,0.109,1
133.042,0.146,1
133.125,0.183,1
133.208,0.22,1
133.292,0.256,1
133.375,0.291,1
133.458,0.324,1
133.542,0.355,1
133.625,0.384,1
133.708,0.411,1
133.792,0.436,1
133.875,0.458,1
133.958,0.478,1
134.042,0.495,1
134.125,0.51,1
134.208,0.522,1
134.292,0.531,1
134.375,0.538,1
134.458,0.542,1
134.542,0.543,1
134.625,0.542,1
134.708,0.538,1
134.792,0.531,1
134.875,0.522,1
134.958,0.51,1
135.042,0.495,1
135.125,0.478,1
135.208,0.458,1
135.292,0.436,1
135.375,0.411,1
135.458,0.384,1
135.542,0.355,1
135.625,0.324,1
135.708,0.291,1
135.792,0.256,1
135.875,0.22,1
135.958,0.183,1
136.042,0.146,1
136.125,0.109,1
136.208,0.072,1
136.292,0.036,1
136.375,0,1
136.458,-0.035,1
136.542,-0.072,1
136.625,-0.109,1
136.708,-0.146,1
136.792,-0.183,1
136.875,-0.22,1
136.958,-0.256,1
137.042,-0.291,1
137.125,-0.324,1
137.208,-0.355,1
137.292,-0.384,1
137.375,-0.411,1
137.458,-0.436,1
137.542,-0.458,1
137.625,-0.478,1
137.708,-0.495,1
137.792,-0.51,1
137.875,-0.522,1
137.958,-0.531,1
138.042,-0.538,1
138.125,-0.542,1
138.208,-0.543,1
138.292,-0.542,1
138.375,-0.538,1
138.458,-0.531,1
138.542,-0.522,1
138.625,-0.51,1
138.708,-0.495,1
138.792,-0.478,1
138.875,-0.458,1
138.958,-0.436,1
139.042,-0.411,1
139.125,-0.384,1
139.208,-0.355,1
139.292,-0.324,1
139.375,-0.291,1
139.458,-0.256,1
139.542,-0.22,1
139.625,-0.183,1
139.708,-0.146,1
139.792,-0.109,1
139.875,-0.072,1
139.958,-0.035,1
140.042,0,1
140.125,0.036,1
140.208,0.072,1
140.292,0.109,1
140.375,0.146,1
140.458,0.183,1
140.542,0.22,1
140.625,0.256,1
140.708,0.291,1
140.792,0.324,1
140.875,0.355,1
140.958,0.384,1
141.042,0.411,1
141.125,0.436,1
141.208,0.458,1
141.292,0.478,1
141.375,0.495,1
141.458,0.51,1
141.542,0.522,1
141.625,0.531,1
141.708,0.538,1
141.792,0.542,1
141.875,0.543,1
141.958,0.542,1
142.042,0.538,1
142.125,0.531,1
142.208,0.522,1
142.292,0.51,1
142.375,0.495,1
142.458,0.478,1
142.542,0.458,1
142.625,0.436,1
142.708,0.411,1
142.792,0.384,1
142.875,0.355,1
142.958,0.324,1
143.042,0.291,1
143.125,0.256,1
143.208,0.22,1
143.292,0.183,1
143.375,0.146,1
143.458,0.109,1
143.542,0.072,1
143.625,0.036,1
143.708,0,1
143.792,-0.035,1
143.875,-0.072,1
143.958,-0.109,1
144.042,-0.146,1
144.125,-0.183,1
144.208,-0.22,1
144.292,-0.256,1
144.375,-0.291,1
144.458,-0.324,1
144.542,-0.355,1
144.625,-0.384,1
144.708,-0.411,1
144.792,-0.436,1
144.875,-0.458,1
144.958,-0.478,1
145.042,-0.495,1
145.125,-0.51,1
145.208,-0.522,1
145.292,-0.531,1
145.375,-0.538,1
145.458,-0.542,1
145.542,-0.543,1
145.625,-0.542,1
145.708,-0.538,1
145.792,-0.531,1
145.875,-0.522,1
145.958,-0.51,1
146.042,-0.495,1
146.125,-0.478,1
146.208,-0.458,1
146.292,-0.436,1
146.375,-0.411,1
146.458,-0.384,1
146.542,-0.355,1
146.625,-0.324,1
146.708,-0.291,1
146.792,-0.256,1
146.875,-0.22,1
146.958,-0.183,1
147.042,-0.146,1
147.125,-0.109,1
147.208,-0.072,1
147.292,-0.035,1
147.375,0,1
147.458,0.036,1
147.542,0.072,1
147.625,0.109,1
147.708,0.146,1
147.792,0.183,1
147.875,0.22,1
147.958,0.256,1
148.042,0.291,1
148.125,0.324,1
148.208,0.355,1
148.292,0.384,1
148.375,0.411,1
148.458,0.436,1
148.542,0.458,1
148.625,0.478,1
148.708,0.495,1
148.792,0.51,1
148.875,0.522,1
148.958,0.531,1
149.042,0.538,1
149.125,0.542,1
149.208,0.543,1
149.292,0.542,1
149.375,0.538,1
149.458,0.531,1
149.542,0.522,1
149.625,0.51,1
149.708,0.495,1
149.792,0.478,1
149.875,0.458,1
149.958,0.436,1
150.042,0.411,1
150.125,0.384,1
150.208,0.355,1
150.292,0.324,1
150.375,0.291,1
150.458,0.256,1
150.542,0.22,1
150.625,0.183,1
150.708,0.146,1
150.792,0.109,1
150.875,0.072,1
150.958,0.036,1
151.042,0,1
151.125,-0.035,1
151.208,-0.072,1
151.292,-0.109,1
151.375,-0.146,1
151.458,-0.183,1
151.542,-0.22,1
151.625,-0.256,1
151.708,-0.291,1
151.792,-0.324,1
151.875,-0.355,1
151.958,-0.384,1
152.042,-0.411,1
152.125,-0.436,1
152.208,-0.458,1
152.292,-0.478,1
152.375,-0.495,1
152.458,-0.51,1
152.542,-0.522,1
152.625,-0.531,1
152.708,-0.538,1
152.792,-0.542,1
152.875,-0.543,1
152.958,-0.542,1
153.042,-0.538,1
153.125,-0.531,1
153.208,-0.522,1
153.292,-0.51,1
153.375,-0.495,1
153.458,-0.478,1
153.542,-0.458,1
153.625,-0.436,1
153.708,-0.411,1
153.792,-0.384,1
153.875,-0.355,1
153.958,-0.324,1
154.042,-0.291,1
154.125,-0.256,1
154.208,-0.22,1
154.292,-0.183,1
154.375,-0.146,1
154.458,-0.109,1
154.542,-0.072,1
154.625,-0.035,1
154.708,0,1
154.792,0.036,1
154.875,0.072,1
154.958,0.109,1
155.042,0.146,1
155.125,0.183,1
155.208,0.22,1
155.292,0.256,1
155.375,0.291,1
155.458,0.324,1
155.542,0.355,1
155.625,0.384,1
155.708,0.411,1
155.792,0.436,1
155.875,0.458,1
155.958,0.478,1
156.042,0.495,1
156.125,0.51,1
156.208,0.522,1
156.292,0.531,1
156.375,0.538,1
156.458,0.542,1
156.542,0.543,1
156.625,0.542,1
156.708,0.538,1
156.792,0.531,1
156.875,0.522,1
156.958,0.51,1
157.042,0.495,1
157.125,0.478,1
157.208,0.458,1
157.292,0.436,1
157.375,0.411,1
157.458,0.384,1
157.542,0.355,1
157.625,0.324,1
157.708,0.291,1
157.792,0.256,1
157.875,0.22,1
157.958,0.183,1
158.042,0.146,1
158.125,0.109,1
158.208,0.072,1
158.292,0.036,1
158.375,0,1
158.458,-0.035,1
158.542,-0.072,1
158.625,-0.109,1
158.708,-0.146,1
158.792,-0.183,1
158.875,-0.22,1
158.958,-0.256,1
159.042,-0.291,1
159.125,-0.324,1
159.208,-0.355,1
159.292,-0.384,1
159.375,-0.411,1
159.458,-0.436,1
159.542,-0.458,1
159.625,-0.478,1
159.708,-0.495,1
159.792,-0.51,1
159.875,-0.522,1
159.958,-0.531,1
160.042,-0.538,1
160.125,-0.542,1
160.208,-0.543,1
160.292,-0.542,1
160.375,-0.538,1
160.458,-0.531,1
160.542,-0.522,1
160.625,-0.51,1
160.708,-0.495,1
160.792,-0.478,1
160.875,-0.458,1
160.958,-0.436,1
161.042,-0.411,1
161.125,-0.384,1
161.208,-0.355,1
161.292,-0.324,1
161.375,-0.291,1
161.458,-0.256,1
161.542,-0.22,1
161.625,-0.183,1
161.708,-0.146,1
161.792,-0.109,1
161.875,-0.072,1
161.958,-0.035,1
162.042,0,1
162.125,0.036,1
162.208,0.072,1
162.292,0.109,1
162.375,0.146,1
162.458,0.183,1
162.542,0.22,1
162.625,0.256,1
162.708,0.291,1
162.792,0.324,1
162.875,0.355,1
162.958,0.384,1
163.042,0.411,1
163.125,0.436,1
163.208,0.458,1
163.292,0.478,1
163.375,0.495,1
163.458,0.51,1
163.542,0.522,1
163.625,0.531,1
163.708,0.538,1
163.792,0.542,1
163.875,0.543,1
163.958,0.542,1
164.042,0.538,1
164.125,0.531,1
164.208,0.522,1
164.292,0.51,1
164.375,0.495,1
164.458,0.478,1
164.542,0.458,1
164.625,0.436,1
164.708,0.411,1
164.792,0.384,1
164.875,0.355,1
164.958,0.324,1
165.042,0.291,1
165.125,0.256,1
165.208,0.22,1
165.292,0.183,1
165.375,0.146,1
165.458,0.109,1
165.542,0.072,1
165.625,0.036,1
165.708,0,1
165.792,-0.035,1
165.875,-0.072,1
165.958,-0.109,1
166.042,-0.146,1
166.125,-0.183,1
166.208,-0.22,1
166.292,-0.256,1
166.375,-0.291,1
166.458,-0.324,1
166.542,-0.355,1
166.625,-0.384,1
166.708,-0.411,1
166.792,-0.436,1
166.875,-0.458,1
166.958,-0.478,1
167.042,-0.495,1
167.125,-0.51,1
167.208,-0.522,1
167.292,-0.531,1
167.375,-0.538,1
167.458,-0.542,1
167.542,-0.543,1
167.625,-0.542,1
167.708,-0.538,1
167.792,-0.531,1
167.875,-0.522,1
167.958,-0.51,1
168.042,-0.495,1
168.125,-0.478,1
168.208,-0.458,1
168.292,-0.436,1
168.375,-0.411,1
168.458,-0.384,1
168.542,-0.355,1
168.625,-0.324,1
168.708,-0.291,1
168.792,-0.256,1
168.875,-0.22,1
168.958,-0.183,1
169.042,-0.146,1
169.125,-0.109,1
169.208,-0.072,1
169.292,-0.035,1
169.375,0,1
169.458,0.036,1
169.542,0.072,1
169.625,0.109,1
169.708,0.146,1
169.792,0.183,1
169.875,0.22,1
169.958,0.256,1
170.042,0.291,1
170.125,0.324,1
170.208,0.355,1
170.292,0.384,1
170.375,0.411,1
170.458,0.436,1
170.542,0.458,1
170.625,0.478,1
170.708,0.495,1
170.792,0.51,1
170.875,0.522,1
170.958,0.531,1
171.042,0.538,1
171.125,0.542,1
171.208,0.543,1
171.292,0.542,1
171.375,0.538,1
171.458,0.531,1
171.542,0.522,1
171.625,0.51,1
171.708,0.495,1
171.792,0.478,1
171.875,0.458,1
171.958,0.436,1
172.042,0.411,1
172.125,0.384,1
172.208,0.355,1
172.292,0.324,1
172.375,0.291,1
172.458,0.256,1
172.542,0.22,1
172.625,0.183,1
172.708,0.146,1
172.792,0.109,1
172.875,0.072,1
172.958,0.036,1
173.042,0,1
173.125,-0.035,1
173.208,-0.072,1
173.292,-0.109,1
173.375,-0.146,1
173.458,-0.183,1
173.542,-0.22,1
173.625,-0.256,1
173.708,-0.291,1
173.792,-0.324,1
173.875,-0.355,1
173.958,-0.384,1
174.042,-0.411,1
174.125,-0.436,1
174.208,-0.458,1
174.292,-0.478,1
174.375,-0.495,1
174.458,-0.51,1
174.542,-0.522,1
174.625,-0.531,1
174.708,-0.538,1
174.792,-0.542,1
174.875,-0.543,1
174.958,-0.542,1
175.042,-0.538,1
175.125,-0.531,1
175.208,-0.522,1
175.292,-0.51,1
175.375,-0.495,1
175.458,-0.478,1
175.542,-0.458,1
175.625,-0.436,1
175.708,-0.411,1
175.792,-0.384,1
175.875,-0.355,1
175.958,-0.324,1
176.042,-0.291,1
176.125,-0.256,1
176.208,-0.22,1
176.292,-0.183,1
176.375,-0.146,1
176.458,-0.109,1
176.542,-0.072,1
176.625,-0.035,1
176.708,0,1
176.792,0.036,1
176.875,0.072,1
176.958,0.109,1
177.042,0.146,1
177.125,0.183,1
177.208,0.22,1
177.292,0.256,1
177.375,0.291,1
177.458,0.324,1
177.542,0.355,1
177.625,0.384,1
177.708,0.411,1
177.792,0.436,1
177.875,0.458,1
177.958,0.478,1
178.042,0.495,1
178.125,0.51,1
178.208,0.522,1
178.292,0.531,1
178.375,0.538,1
178.458,0.542,1
178.542,0.543,1
178.625,0.542,1
178.708,0.538,1
178.792,0.531,1
178.875,0.522,1
178.958,0.51,1
179.042,0.495,1
179.125,0.478,1
179.208,0.458,1
179.292,0.436,1
179.375,0.411,1
179.458,0.384,1
179.542,0.355,1
179.625,0.324,1
179.708,0.291,1
179.792,0.256,1
179.875,0.22,1
179.958,0.183,1
180.042,0.146,1
180.125,0.109,1
180.208,0.072,1
180.292,0.036,1
180.375,0,1
180.458,-0.035,1
180.542,-0.072,1
180.625,-0.109,1
180.708,-0.146,1
180.792,-0.183,1
180.875,-0.22,1
180.958,-0.256,1
181.042,-0.291,1
181.125,-0.324,1
181.208,-0.355,1
181.292,-0.384,1
181.375,-0.411,1
181.458,-0.436,1
181.542,-0.458,1
181.625,-0.478,1
181.708,-0.495,1
181.792,-0.51,1
181.875,-0.522,1
181.958,-0.531,1
182.042,-0.538,1
182.125,-0.542,1
182.208,-0.543,1
182.292,-0.542,1
182.375,-0.538,1
182.458,-0.531,1
182.542,-0.522,1
182.625,-0.51,1
182.708,-0.495,1
182.792,-0.478,1
182.875,-0.458,1
182.958,-0.436,1
183.042,-0.411,1
183.125,-0.384,1
183.208,-0.355,1
183.292,-0.324,1
183.375,-0.291,1
183.458,-0.256,1
183.542,-0.22,1
183.625,-0.183,1
183.708,-0.146,1
183.792,-0.109,1
183.875,-0.072,1
183.958,-0.035,1
184.042,0,1
184.125,0.036,1
184.208,0.072,1
184.292,0.109,1
184.375,0.146,1
184.458,0.183,1
184.542,0.22,1
184.625,0.256,1
184.708,0.291,1
184.792,0.324,1
184.875,0.355,1
184.958,0.384,1
185.042,0.411,1
185.125,0.436,1
185.208,0.458,1
185.292,0.478,1
185.375,0.495,1
185.458,0.51,1
185.542,0.522,1
185.625,0.531,1
185.708,0.538,1
185.792,0.542,1
185.875,0.543,1
185.958,0.542,1
186.042,0.538,1
186.125,0.531,1
186.208,0.522,1
186.292,0.51,1
186.375,0.495,1
186.458,0.478,1
186.542,0.458,1
186.625,0.436,1
186.708,0.411,1
186.792,0.384,1
186.875,0.355,1
186.958,0.324,1
187.042,0.291,1
187.125,0.256,1
187.208,0.22,1
187.292,0.183,1
187.375,0.146,1
187.458,0.109,1
187.542,0.072,1
187.625,0.036,1
187.708,0,1
187.792,-0.035,1
187.875,-0.072,1
187.958,-0.109,1
188.042,-0.146,1
188.125,-0.183,1
188.208,-0.22,1
188.292,-0.256,1
188.375,-0.291,1
188.458,-0.324,1
188.542,-0.355,1
188.625,-0.384,1
188.708,-0.411,1
188.792,-0.436,1
188.875,-0.458,1
188.958,-0.478,1
189.042,-0.495,1
189.125,-0.51,1
189.208,-0.522,1
189.292,-0.531,1
189.375,-0.538,1
189.458,-0.542,1
189.542,-0.543,1
189.625,-0.542,1
189.708,-0.538,1
189.792,-0.531,1
189.875,-0.522,1
189.958,-0.51,1
190.042,-0.495,1
190.125,-0.478,1
190.208,-0.458,1
190.292,-0.436,1
190.375,-0.411,1
190.458,-0.384,1
190.542,-0.355,1
190.625,-0.324,1
190.708,-0.291,1
190.792,-0.256,1
190.875,-0.22,1
190.958,-0.183,1
191.042,-0.146,1
191.125,-0.109,1
191.208,-0.072,1
191.292,-0.035,1
191.375,0,1
191.458,0.036,1
191.542,0.072,1
191.625,0.109,1
191.708,0.146,1
191.792,0.183,1
191.875,0.22,1
191.958,0.256,1
192.042,0.291,1
192.125,0.324,1
192.208,0.355,1
192.292,0.384,1
192.375,0.411,1
192.458,0.436,1
192.542,0.458,1
192.625,0.478,1
192.708,0.495,1
192.792,0.51,1
192.875,0.522,1
192.958,0.531,1
193.042,0.538,1
193.125,0.542,1
193.208,0.543,1
193.292,0.542,1
193.375,0.538,1
193.458,0.531,1
193.542,0.522,1
193.625,0.51,1
193.708,0.495,1
193.792,0.478,1
193.875,0.458,1
193.958,0.436,1
194.042,0.411,1
194.125,0.384,1
194.208,0.355,1
194.292,0.324,1
194.375,0.291,1
194.458,0.256,1
194.542,0.22,1
194.625,0.183,1
194.708,0.146,1
194.792,0.109,1
194.875,0.072,1
194.958,0.036,1
195.042,0,1
195.125,-0.035,1
195.208,-0.072,1
195.292,-0.109,1
195.375,-0.146,1
195.458,-0.183,1
195.542,-0.22,1
195.625,-0.256,1
195.708,-0.291,1
195.792,-0.324,1
195.875,-0.355,1
195.958,-0.384,1
196.042,-0.411,1
196.125,-0.436,1
196.208,-0.458,1
196.292,-0.478,1
196.375,-0.495,1
196.458,-0.51,1
196.542,-0.522,1
196.625,-0.531,1
196.708,-0.538,1
196.792,-0.542,1
196.875,-0.543,1
196.958,-0.542,1
197.042,-0.538,1
197.125,-0.531,1
197.208,-0.522,1
197.292,-0.51,1
197.375,-0.495,1
197.458,-0.478,1
197.542,-0.458,1
197.625,-0.436,1
197.708,-0.411,1
197.792,-0.384,1
197.875,-0.355,1
197.958,-0.324,1
198.042,-0.291,1
198.125,-0.256,1
198.208,-0.22,1
198.292,-0.183,1
198.375,-0.146,1
198.458,-0.109,1
198.542,-0.072,1
198.625,-0.035,1
198.708,0,1
198.792,0.036,1
198.875,0.072,1
198.958,0.109,1
199.042,0.146,1
199.125,0.183,1
199.208,0.22,1
199.292,0.256,1
199.375,0.291,1
199.458,0.324,1
199.542,0.355,1
199.625,0.384,1
199.708,0.411,1
199.792,0.436,1
199.875,0.458,1
199.958,0.478,1
200.042,0.495,1
200.125,0.51,1
200.208,0.522,1
200.292,0.531,1
200.375,0.538,1
200.458,0.542,1
200.542,0.543,1
200.625,0.542,1
200.708,0.538,1
200.792,0.531,1
200.875,0.522,1
200.958,0.51,1
201.042,0.495,1
201.125,0.478,1
201.208,0.458,1
201.292,0.436,1
201.375,0.411,1
201.458,0.384,1
201.542,0.355,1
201.625,0.324,1
201.708,0.291,1
201.792,0.256,1
201.875,0.22,1
201.958,0.183,1
202.042,0.146,1
202.125,0.109,1
202.208,0.072,1
202.292,0.036,1
202.375,0,1
202.458,-0.035,1
202.542,-0.072,1
202.625,-0.109,1
202.708,-0.146,1
202.792,-0.183,1
202.875,-0.22,1
202.958,-0.256,1
203.042,-0.291,1
203.125,-0.324,1
203.208,-0.355,1
203.292,-0.384,1
203.375,-0.411,1
203.458,-0.436,1
203.542,-0.458,1
203.625,-0.478,1
203.708,-0.495,1
203.792,-0.51,1
203.875,-0.522,1
203.958,-0.531,1
204.042,-0.538,1
204.125,-0.542,1
204.208,-0.543,1
204.292,-0.542,1
204.375,-0.538,1
204.458,-0.531,1
204.542,-0.522,1
204.625,-0.51,1
204.708,-0.495,1
204.792,-0.478,1
204.875,-0.458,1
204.958,-0.436,1
205.042,-0.411,1
205.125,-0.384,1
205.208,-0.355,1
205.292,-0.324,1
205.375,-0.291,1
205.458,-0.256,1
205.542,-0.22,1
205.625,-0.183,1
205.708,-0.146,1
205.792,-0.109,1
205.875,-0.072,1
205.958,-0.035,1
206.042,0,1
206.125,0.036,1
206.208,0.072,1
206.292,0.109,1
206.375,0.146,1
206.458,0.183,1
206.542,0.22,1
206.625,0.256,1
206.708,0.291,1
206.792,0.324,1
206.875,0.355,1
206.958,0.384,1
207.042,0.411,1
207.125,0.436,1
207.208,0.458,1
207.292,0.478,1
207.375,0.495,1
207.458,0.51,1
207.542,0.522,1
207.625,0.531,1
207.708,0.538,1
207.792,0.542,1
207.875,0.543,1
207.958,0.542,1
208.042,0.538,1
208.125,0.531,1
208.208,0.522,1
208.292,0.51,1
208.375,0.495,1
208.458,0.478,1
208.542,0.458,1
208.625,0.436,1
208.708,0.411,1
208.792,0.384,1
208.875,0.355,1
208.958,0.324,1
209.042,0.291,1
209.125,0.256,1
209.208,0.22,1
209.292,0.183,1
209.375,0.146,1
209.458,0.109,1
209.542,0.072,1
209.625,0.036,1
209.708,0,1
209.792,-0.035,1
209.875,-0.072,1
209.958,-0.109,1
210.042,-0.146,1
210.125,-0.183,1
210.208,-0.22,1
210.292,-0.256,1
210.375,-0.291,1
210.458,-0.324,1
210.542,-0.355,1
210.625,-0.384,1
210.708,-0.411,1
210.792,-0.436,1
210.875,-0.458,1
210.958,-0.478,1
211.042,-0.495,1
211.125,-0.51,1
211.208,-0.522,1
211.292,-0.531,1
211.375,-0.538,1
211.458,-0.542,1
211.542,-0.543,1
211.625,-0.542,1
211.708,-0.538,1
211.792,-0.531,1
211.875,-0.522,1
211.958,-0.51,1
212.042,-0.495,1
212.125,-0.478,1
212.208,-0.458,1
212.292,-0.436,1
212.375,-0.411,1
212.458,-0.384,1
212.542,-0.355,1
212.625,-0.324,1
212.708,-0.291,1
212.792,-0.256,1
212.875,-0.22,1
212.958,-0.183,1
213.042,-0.146,1
213.125,-0.109,1
213.208,-0.072,1
213.292,-0.035,1
213.375,0,1
213.458,0.036,1
213.542,0.072,1
213.625,0.109,1
213.708,0.146,1
213.792,0.183,1
213.875,0.22,1
213.958,0.256,1
214.042,0.291,1
214.125,0.324,1
214.208,0.355,1
214.292,0.384,1
214.375,0.411,1
214.458,0.436,1
214.542,0.458,1
214.625,0.478,1
214.708,0.495,1
214.792,0.51,1
214.875,0.522,1
214.958,0.531,1
215.042,0.538,1
215.125,0.542,1
215.208,0.543,1
215.292,0.542,1
215.375,0.538,1
215.458,0.531,1
215.542,0.522,1
215.625,0.51,1
215.708,0.495,1
215.792,0.478,1
215.875,0.458,1
215.958,0.436,1
216.042,0.411,1
216.125,0.384,1
216.208,0.355,1
216.292,0.324,1
216.375,0.291,1
216.458,0.256,1
216.542,0.22,1
216.625,0.183,1
216.708,0.146,1
216.792,0.109,1
216.875,0.072,1
216.958,0.036,1
217.042,0,1
217.125,-0.035,1
217.208,-0.072,1
217.292,-0.109,1
217.375,-0.146,1
217.458,-0.183,1
217.542,-0.22,1
217.625,-0.256,1
217.708,-0.291,1
217.792,-0.324,1
217.875,-0.355,1
217.958,-0.384,1
218.042,-0.411,1
218.125,-0.436,1
218.208,-0.458,1
218.292,-0.478,1
218.375,-0.495,1
218.458,-0.51,1
218.542,-0.522,1
218.625,-0.531,1
218.708,-0.538,1
218.792,-0.542,1
218.875,-0.543,1
218.958,-0.542,1
219.042,-0.538,1
219.125,-0.531,1
219.208,-0.522,1
219.292,-0.51,1
219.375,-0.495,1
219.458,-0.478,1
219.542,-0.458,1
219.625,-0.436,1
219.708,-0.411,1
219.792,-0.384,1
219.875,-0.355,1
219.958,-0.324,1
220.042,-0.291,1
220.125,-0.256,1
220.208,-0.22,1
220.292,-0.183,1
220.375,-0.146,1
220.458,-0.109,1
220.542,-0.072,1
220.625,-0.035,1
220.708,0,1
220.792,0.036,1
220.875,0.072,1
220.958,0.109,1
221.042,0.146,1
221.125,0.183,1
221.208,0.22,1
221.292,0.256,1
221.375,0.291,1
221.458,0.324,1
221.542,0.355,1
221.625,0.384,1
221.708,0.411,1
221.792,0.436,1
221.875,0.458,1
221.958,0.478,1
222.042,0.495,1
222.125,0.51,1
222.208,0.522,1
222.292,0.531,1
222.375,0.538,1
222.458,0.542,1
222.542,0.543,1
222.625,0.542,1
222.708,0.538,1
222.792,0.531,1
222.875,0.522,1
222.958,0.51,1
223.042,0.495,1
223.125,0.478,1
223.208,0.458,1
223.292,0.436,1
223.375,0.411,1
223.458,0.384,1
223.542,0.355,1
223.625,0.324,1
223.708,0.291,1
223.792,0.256,1
223.875,0.22,1
223.958,0.183,1
224.042,0.146,1
224.125,0.109,1
224.208,0.072,1
224.292,0.036,1
224.375,0,1
224.458,-0.035,1
224.542,-0.072,1
224.625,-0.109,1
224.708,-0.146,1
224.792,-0.183,1
224.875,-0.22,1
224.958,-0.256,1
225.042,-0.291,1
225.125,-0.324,1
225.208,-0.355,1
225.292,-0.384,1
225.375,-0.411,1
225.458,-0.436,1
225.542,-0.458,1
225.625,-0.478,1
225.708,-0.495,1
225.792,-0.51,1
225.875,-0.522,1
225.958,-0.531,1
226.042,-0.538,1
226.125,-0.542,1
226.208,-0.543,1
226.292,-0.542,1
226.375,-0.538,1
226.458,-0.531,1
226.542,-0.522,1
226.625,-0.51,1
226.708,-0.495,1
226.792,-0.478,1
226.875,-0.458,1
226.958,-0.436,1
227.042,-0.411,1
227.125,-0.384,1
227.208,-0.355,1
227.292,-0.324,1
227.375,-0.291,1
227.458,-0.256,1
227.542,-0.22,1
227.625,-0.183,1
227.708,-0.146,1
227.792,-0.109,1
227.875,-0.072,1
227.958,-0.035,1
228.042,0,1
228.125,0.036,1
228.208,0.072,1
228.292,0.109,1
228.375,0.146,1
228.458,0.183,1
228.542,0.22,1
228.625,0.256,1
228.708,0.291,1
228.792,0.324,1
228.875,0.355,1
228.958,0.384,1
229.042,0.411,1
229.125,0.436,1
229.208,0.458,1
229.292,0.478,1
229.375,0.495,1
229.458,0.51,1
229.542,0.522,1
229.625,0.531,1
229.708,0.538,1
229.792,0.542,1
229.875,0.543,1
229.958,0.542,1
230.042,0.538,1
230.125,0.531,1
230.208,0.522,1
230.292,0.51,1
230.375,0.495,1
230.458,0.478,1
230.542,0.458,1
230.625,0.436,1
230.708,0.411,1
230.792,0.384,1
230.875,0.355,1
230.958,0.324,1
231.042,0.291,1
231.125,0.256,1
231.208,0.22,1
231.292,0.183,1
231.375,0.146,1
231.458,0.109,1
231.542,0.072,1
231.625,0.036,1
231.708,0,1
231.792,-0.035,1
231.875,-0.072,1
231.958,-0.109,1
232.042,-0.146,1
232.125,-0.183,1
232.208,-0.22,1
232.292,-0.256,1
232.375,-0.291,1
232.458,-0.324,1
232.542,-0.355,1
232.625,-0.384,1
232.708,-0.411,1
232.792,-0.436,1
232.875,-0.458,1
232.958,-0.478,1
233.042,-0.495,1
233.125,-0.51,1
233.208,-0.522,1
233.292,-0.531,1
233.375,-0.538,1
233.458,-0.542,1
233.542,-0.543,1
233.625,-0.542,1
233.708,-0.538,1
233.792,-0.531,1
233.875,-0.522,1
233.958,-0.51,1
234.042,-0.495,1
234.125,-0.478,1
234.208,-0.458,1
234.292,-0.436,1
234.375,-0.411,1
234.458,-0.384,1
234.542,-0.355,1
234.625,-0.324,1
234.708,-0.291,1
234.792,-0.256,1
234.875,-0.22,1
234.958,-0.183,1
235.042,-0.146,1
235.125,-0.109,1
235.208,-0.072,1
235.292,-0.035,1
235.375,0,1
235.458,0.036,1
235.542,0.072,1
235.625,0.109,1
235.708,0.146,1
235.792,0.183,1
235.875,0.22,1
235.958,0.256,1
236.042,0.291,1
236.125,0.324,1
236.208,0.355,1
236.292,0.384,1
236.375,0.411,1
236.458,0.436,1
236.542,0.458,1
236.625,0.478,1
236.708,0.495,1
236.792,0.51,1
236.875,0.522,1
236.958,0.531,1
237.042,0.538,1
237.125,0.542,1
237.208,0.543,1
237.292,0.542,1
237.375,0.538,1
237.458,0.531,1
237.542,0.522,1
237.625,0.51,1
237.708,0.495,1
237.792,0.478,1
237.875,0.458,1
237.958,0.436,1
238.042,0.411,1
238.125,0.384,1
238.208,0.355,1
238.292,0.324,1
238.375,0.291,1
238.458,0.256,1
238.542,0.22,1
238.625,0.183,1
238.708,0.146,1
238.792,0.109,1
238.875,0.072,1
238.958,0.036,1
239.042,0,1
239.125,-0.035,1
239.208,-0.072,1
239.292,-0.109,1
239.375,-0.146,1
239.458,-0.183,1
239.542,-0.22,1
239.625,-0.256,1
239.708,-0.291,1
239.792,-0.324,1
239.875,-0.355,1
239.958,-0.384,1
240.042,-0.411,1
240.125,-0.436,1
240.208,-0.458,1
240.292,-0.478,1
240.375,-0.495,1
240.458,-0.51,1
240.542,-0.522,1
240.625,-0.531,1
240.708,-0.538,1
240.792,-0.542,1
240.875,-0.543,1
240.958,-0.542,1
241.042,-0.538,1
241.125,-0.531,1
241.208,-0.522,1
241.292,-0.51,1
241.375,-0.495,1
241.458,-0.478,1
241.542,-0.458,1
241.625,-0.436,1
241.708,-0.411,1
241.792,-0.384,1
241.875,-0.355,1
241.958,-0.324,1
242.042,-0.291,1
242.125,-0.256,1
242.208,-0.22,1
242.292,-0.183,1
242.375,-0.146,1
242.458,-0.109,1
242.542,-0.072,1
242.625,-0.035,1
242.708,0,1
242.792,0.036,1
242.875,0.072,1
242.958,0.109,1
243.042,0.146,1
243.125,0.183,1
243.208,0.22,1
243.292,0.256,1
243.375,0.291,1
243.458,0.324,1
243.542,0.355,1
243.625,0.384,1
243.708,0.411,1
243.792,0.436,1
243.875,0.458,1
243.958,0.478,1
244.042,0.495,1
244.125,0.51,1
244.208,0.522,1
244.292,0.531,1
244.375,0.538,1
244.458,0.542,1
244.542,0.543,1
244.625,0.542,1
244.708,0.538,1
244.792,0.531,1
244.875,0.522,1
244.958,0.51,1
245.042,0.495,1
245.125,0.478,1
245.208,0.458,1
245.292,0.436,1
245.375,0.411,1
245.458,0.384,1
245.542,0.355,1
245.625,0.324,1
245.708,0.291,1
245.792,0.256,1
245.875,0.22,1
245.958,0.183,1
246.042,0.146,1
246.125,0.109,1
246.208,0.072,1
246.292,0.036,1
246.375,0,1
246.458,-0.035,1
246.542,-0.072,1
246.625,-0.109,1
246.708,-0.146,1
246.792,-0.183,1
246.875,-0.22,1
246.958,-0.256,1
247.042,-0.291,1
247.125,-0.324,1
247.208,-0.355,1
247.292,-0.384,1
247.375,-0.411,1
247.458,-0.436,1
247.542,-0.458,1
247.625,-0.478,1
247.708,-0.495,1
247.792,-0.51,1
247.875,-0.522,1
247.958,-0.531,1
248.042,-0.538,1
248.125,-0.542,1
248.208,-0.543,1
248.292,-0.542,1
248.375,-0.538,1
248.458,-0.531,1
248.542,-0.522,1
248.625,-0.51,1
248.708,-0.495,1
248.792,-0.478,1
248.875,-0.458,1
248.958,-0.436,1
249.042,-0.411,1
249.125,-0.384,1
249.208,-0.355,1
249.292,-0.324,1
249.375,-0.291,1
249.458,-0.256,1
249.542,-0.22,1
249.625,-0.183,1
249.708,-0.146,1
249.792,-0.109,1
249.875,-0.072,1
249.958,-0.035,1
250.042,0,1
250.125,0.036,1
250.208,0.072,1
250.292,0.109,1
250.375,0.146,1
250.458,0.183,1
250.542,0.22,1
250.625,0.256,1
250.708,0.291,1
250.792,0.324,1
250.875,0.355,1
250.958,0.384,1
251.042,0.411,1
251.125,0.436,1
251.208,0.458,1
251.292,0.478,1
251.375,0.495,1
251.458,0.51,1
251.542,0.522,1
251.625,0.531,1
251.708,0.538,1
251.792,0.542,1
251.875,0.543,1
251.958,0.542,1
252.042,0.538,1
252.125,0.531,1
252.208,0.522,1
252.292,0.51,1
252.375,0.495,1
252.458,0.478,1
252.542,0.458,1
252.625,0.436,1
252.708,0.411,1
252.792,0.384,1
252.875,0.355,1
252.958,0.324,1
253.042,0.291,1
253.125,0.256,1
253.208,0.22,1
253.292,0.183,1
253.375,0.146,1
253.458,0.109,1
253.542,0.072,1
253.625,0.036,1
253.708,0,1
253.792,-0.035,1
253.875,-0.072,1
253.958,-0.109,1
254.042,-0.146,1
254.125,-0.183,1
254.208,-0.22,1
254.292,-0.256,1
254.375,-0.291,1
254.458,-0.324,1
254.542,-0.355,1
254.625,-0.384,1
254.708,-0.411,1
254.792,-0.436,1
254.875,-0.458,1
254.958,-0.478,1
255.042,-0.495,1
255.125,-0.51,1
255.208,-0.522,1
255.292,-0.531,1
255.375,-0.538,1
255.458,-0.542,1
255.542,-0.543,1
255.625,-0.542,1
255.708,-0.538,1
255.792,-0.531,1
255.875,-0.522,1
255.958,-0.51,1
256.042,-0.495,1
256.125,-0.478,1
256.208,-0.458,1
256.292,-0.436,1
256.375,-0.411,1
256.458,-0.384,1
256.542,-0.355,1
256.625,-0.324,1
256.708,-0.291,1
256.792,-0.256,1
256.875,-0.22,1
256.958,-0.183,1
257.042,-0.146,1
257.125,-0.109,1
257.208,-0.072,1
257.292,-0.035,1
257.375,0,1
257.458,0.036,1
257.542,0.072,1
257.625,0.109,1
257.708,0.146,1
257.792,0.183,1
257.875,0.22,1
257.958,0.256,1
258.042,0.291,1
258.125,0.324,1
258.208,0.355,1
258.292,0.384,1
258.375,0.411,1
258.458,0.436,1
258.542,0.458,1
258.625,0.478,1
258.708,0.495,1
258.792,0.51,1
258.875,0.522,1
258.958,0.531,1
259.042,0.538,1
259.125,0.542,1
259.208,0.543,1
259.292,0.542,1
259.375,0.538,1
259.458,0.531,1
259.542,0.522,1
259.625,0.51,1
259.708,0.495,1
259.792,0.478,1
259.875,0.458,1
259.958,0.436,1
260.042,0.411,1
260.125,0.384,1
260.208,0.355,1
260.292,0.324,1
260.375,0.291,1
260.458,0.256,1
260.542,0.22,1
260.625,0.183,1
260.708,0.146,1
260.792,0.109,1
260.875,0.072,1
260.958,0.036,1
261.042,0,1
261.125,-0.035,1
261.208,-0.072,1
261.292,-0.109,1
261.375,-0.146,1
261.458,-0.183,1
261.542,-0.22,1
261.625,-0.256,1
261.708,-0.291,1
261.792,-0.324,1
261.875,-0.355,1
261.958,-0.384,1
262.042,-0.411,1
262.125,-0.436,1
262.208,-0.458,1
262.292,-0.478,1
262.375,-0.495,1
262.458,-0.51,1
262.542,-0.522,1
262.625,-0.531,1
262.708,-0.538,1
262.792,-0.542,1
262.875,-0.543,1
262.958,-0.542,1
263.042,-0.538,1
263.125,-0.531,1
263.208,-0.522,1
263.292,-0.51,1
263.375,-0.495,1
263.458,-0.478,1
263.542,-0.458,1
263.625,-0.436,1
263.708,-0.411,1
263.792,-0.384,1
263.875,-0.355,1
263.958,-0.324,1
264.042,-0.291,1
264.125,-0.256,1
264.208,-0.22,1
264.292,-0.183,1
264.375,-0.146,1
264.458,-0.109,1
264.542,-0.072,1
264.625,-0.035,1
264.708,0,1
264.792,0.036,1
264.875,0.072,1
264.958,0.109,1
265.042,0.146,1
265.125,0.183,1
265.208,0.22,1
265.292,0.256,1
265.375,0.291,1
265.458,0.324,1
265.542,0.355,1
265.625,0.384,1
265.708,0.411,1
265.792,0.436,1
265.875,0.458,1
265.958,0.478,1
266.042,0.495,1
266.125,0.51,1
266.208,0.522,1
266.292,0.531,1
266.375,0.538,1
266.458,0.542,1
266.542,0.543,1
266.625,0.542,1
266.708,0.538,1
266.792,0.531,1
266.875,0.522,1
266.958,0.51,1
267.042,0.495,1
267.125,0.478,1
267.208,0.458,1
267.292,0.436,1
267.375,0.411,1
267.458,0.384,1
267.542,0.355,1
267.625,0.324,1
267.708,0.291,1
267.792,0.256,1
267.875,0.22,1
267.958,0.183,1
268.042,0.146,1
268.125,0.109,1
268.208,0.072,1
268.292,0.036,1
268.375,0,1
268.458,-0.035,1
268.542,-0.072,1
268.625,-0.109,1
268.708,-0.146,1
268.792,-0.183,1
268.875,-0.22,1
268.958,-0.256,1
269.042,-0.291,1
269.125,-0.324,1
269.208,-0.355,1
269.292,-0.384,1
269.375,-0.411,1
269.458,-0.436,1
269.542,-0.458,1
269.625,-0.478,1
269.708,-0.495,1
269.792,-0.51,1
269.875,-0.522,1
269.958,-0.531,1
270.042,-0.538,1
270.125,-0.542,1
270.208,-0.543,1
270.292,-0.542,1
270.375,-0.538,1
270.458,-0.531,1
270.542,-0.522,1
270.625,-0.51,1
270.708,-0.495,1
270.792,-0.478,1
270.875,-0.458,1
270.958,-0.436,1
271.042,-0.411,1
271.125,-0.384,1
271.208,-0.355,1
271.292,-0.324,1
271.375,-0.291,1
271.458,-0.256,1
271.542,-0.22,1
271.625,-0.183,1
271.708,-0.146,1
271.792,-0.109,1
271.875,-0.072,1
271.958,-0.035,1
272.042,0,1
272.125,0.036,1
272.208,0.072,1
272.292,0.109,1
272.375,0.146,1
272.458,0.183,1
272.542,0.22,1
272.625,0.256,1
272.708,0.291,1
272.792,0.324,1
272.875,0.355,1
272.958,0.384,1
273.042,0.411,1
273.125,0.436,1
273.208,0.458,1
273.292,0.478,1
273.375,0.495,1
273.458,0.51,1
273.542,0.522,1
273.625,0.531,1
273.708,0.538,1
273.792,0.542,1
273.875,0.543,1
273.958,0.542,1
274.042,0.538,1
274.125,0.531,1
274.208,0.522,1
274.292,0.51,1
274.375,0.495,1
274.458,0.478,1
274.542,0.458,1
274.625,0.436,1
274.708,0.411,1
274.792,0.384,1
274.875,0.355,1
274.958,0.324,1
275.042,0.291,1
275.125,0.256,1
275.208,0.22,1
275.292,0.183,1
275.375,0.146,1
275.458,0.109,1
275.542,0.072,1
275.625,0.036,1
275.708,0,1
275.792,-0.035,1
275.875,-0.072,1
275.958,-0.109,1
276.042,-0.146,1
276.125,-0.183,1
276.208,-0.22,1
276.292,-0.256,1
276.375,-0.291,1
276.458,-0.324,1
276.542,-0.355,1
276.625,-0.384,1
276.708,-0.411,1
276.792,-0.436,1
276.875,-0.458,1
276.958,-0.478,1
277.042,-0.495,1
277.125,-0.51,1
277.208,-0.522,1
277.292,-0.531,1
277.375,-0.538,1
277.458,-0.542,1
277.542,-0.543,1
277.625,-0.542,1
277.708,-0.538,1
277.792,-0.531,1
277.875,-0.522,1
277.958,-0.51,1
278.042,-0.495,1
278.125,-0.478,1
278.208,-0.458,1
278.292,-0.436,1
278.375,-0.411,1
278.458,-0.384,1
278.542,-0.355,1
278.625,-0.324,1
278.708,-0.291,1
278.792,-0.256,1
278.875,-0.22,1
278.958,-0.183,1
279.042,-0.146,1
279.125,-0.109,1
279.208,-0.072,1
279.292,-0.035,1
279.375,0,1
279.458,0.036,1
279.542,0.072,1
279.625,0.109,1
279.708,0.146,1
279.792,0.183,1
279.875,0.22,1
279.958,0.256,1
280.042,0.291,1
280.125,0.324,1
280.208,0.355,1
280.292,0.384,1
280.375,0.411,1
280.458,0.436,1
280.542,0.458,1
280.625,0.478,1
280.708,0.495,1
280.792,0.51,1
280.875,0.522,1
280.958,0.531,1
281.042,0.538,1
281.125,0.542,1
281.208,0.543,1
281.292,0.542,1
281.375,0.538,1
281.458,0.531,1
281.542,0.522,1
281.625,0.51,1
281.708,0.495,1
281.792,0.478,1
281.875,0.458,1
281.958,0.436,1
282.042,0.411,1
282.125,0.384,1
282.208,0.355,1
282.292,0.324,1
282.375,0.291,1
282.458,0.256,1
282.542,0.22,1
282.625,0.183,1
282.708,0.146,1
282.792,0.109,1
282.875,0.072,1
282.958,0.036,1
283.042,0,1
283.125,-0.035,1
283.208,-0.072,1
283.292,-0.109,1
283.375,-0.146,1
283.458,-0.183,1
283.542,-0.22,1
283.625,-0.256,1
283.708,-0.291,1
283.792,-0.324,1
283.875,-0.355,1
283.958,-0.384,1
284.042,-0.411,1
284.125,-0.436,1
284.208,-0.458,1
284.292,-0.478,1
284.375,-0.495,1
284.458,-0.51,1
284.542,-0.522,1
284.625,-0.531,1
284.708,-0.538,1
284.792,-0.542,1
284.875,-0.543,1
284.958,-0.542,1
285.042,-0.538,1
285.125,-0.531,1
285.208,-0.522,1
285.292,-0.51,1
285.375,-0.495,1
285.458,-0.478,1
285.542,-0.458,1
285.625,-0.436,1
285.708,-0.411,1
285.792,-0.384,1
285.875,-0.355,1
285.958,-0.324,1
286.042,-0.291,1
286.125,-0.256,1
286.208,-0.22,1
286.292,-0.183,1
286.375,-0.146,1
286.458,-0.109,1
286.542,-0.072,1
286.625,-0.035,1
286.708,0,1
286.792,0.036,1
286.875,0.072,1
286.958,0.109,1
287.042,0.146,1
287.125,0.183,1
287.208,0.22,1
287.292,0.256,1
287.375,0.291,1
287.458,0.324,1
287.542,0.355,1
287.625,0.384,1
287.708,0.411,1
287.792,0.436,1
287.875,0.458,1
287.958,0.478,1
288.042,0.495,1
288.125,0.51,1
288.208,0.522,1
288.292,0.531,1
288.375,0.538,1
288.458,0.542,1
288.542,0.543,1
288.625,0.542,1
288.708,0.538,1
288.792,0.531,1
288.875,0.522,1
288.958,0.51,1
289.042,0.495,1
289.125,0.478,1
289.208,0.458,1
289.292,0.436,1
289.375,0.411,1
289.458,0.384,1
289.542,0.355,1
289.625,0.324,1
289.708,0.291,1
289.792,0.256,1
289.875,0.22,1
289.958,0.183,1
290.042,0.146,1
290.125,0.109,1
290.208,0.072,1
290.292,0.036,1
290.375,0,1
290.458,-0.035,1
290.542,-0.072,1
290.625,-0.109,1
290.708,-0.146,1
290.792,-0.183,1
290.875,-0.22,1
290.958,-0.256,1
291.042,-0.291,1
291.125,-0.324,1
291.208,-0.355,1
291.292,-0.384,1
291.375,-0.411,1
291.458,-0.436,1
291.542,-0.458,1
291.625,-0.478,1
291.708,-0.495,1
291.792,-0.51,1
291.875,-0.522,1
291.958,-0.531,1
292.042,-0.538,1
292.125,-0.542,1
292.208,-0.543,1
292.292,-0.542,1
292.375,-0.538,1
292.458,-0.531,1
292.542,-0.522,1
292.625,-0.51,1
292.708,-0.495,1
292.792,-0.478,1
292.875,-0.458,1
292.958,-0.436,1
293.042,-0.411,1
293.125,-0.384,1
293.208,-0.355,1
293.292,-0.324,1
293.375,-0.291,1
293.458,-0.256,1
293.542,-0.22,1
293.625,-0.183,1
293.708,-0.146,1
293.792,-0.109,1
293.875,-0.072,1
293.958,-0.035,1
294.042,0,1
294.125,0.036,1
294.208,0.072,1
294.292,0.109,1
294.375,0.146,1
294.458,0.183,1
294.542,0.22,1
294.625,0.256,1
294.708,0.291,1
294.792,0.324,1
294.875,0.355,1
294.958,0.384,1
295.042,0.411,1
295.125,0.436,1
295.208,0.458,1
295.292,0.478,1
295.375,0.495,1
295.458,0.51,1
295.542,0.522,1
295.625,0.531,1
295.708,0.538,1
295.792,0.542,1
295.875,0.543,1
295.958,0.542,1
296.042,0.538,1
296.125,0.531,1
296.208,0.522,1
296.292,0.51,1
296.375,0.495,1
296.458,0.478,1
296.542,0.458,1
296.625,0.436,1
296.708,0.411,1
296.792,0.384,1
296.875,0.355,1
296.958,0.324,1
297.042,0.291,1
297.125,0.256,1
297.208,0.22,1
297.292,0.183,1
297.375,0.146,1
297.458,0.109,1
297.542,0.072,1
297.625,0.036,1
297.708,0,1
297.792,-0.035,1
297.875,-0.072,1
297.958,-0.109,1
298.042,-0.146,1
298.125,-0.183,1
298.208,-0.22,1
298.292,-0.256,1
298.375,-0.291,1
298.458,-0.324,1
298.542,-0.355,1
298.625,-0.384,1
298.708,-0.411,1
298.792,-0.436,1
298.875,-0.458,1
298.958,-0.478,1
299.042,-0.495,1
299.125,-0.51,1
299.208,-0.522,1
299.292,-0.531,1
299.375,-0.538,1
299.458,-0.542,1
299.542,-0.543,1
299.625,-0.542,1
299.708,-0.538,1
299.792,-0.531,1
299.875,-0.522,1
299.958,-0.51,1
300.042,-0.495,1
300.125,-0.478,1
300.208,-0.458,1
300.292,-0.436,1
300.375,-0.411,1
300.458,-0.384,1
300.542,-0.355,1
300.625,-0.324,1
300.708,-0.291,1
300.792,-0.256,1
300.875,-0.22,1
300.958,-0.183,1
301.042,-0.146,1
301.125,-0.109,1
301.208,-0.072,1
301.292,-0.035,1
301.375,0,1
301.458,0.036,1
301.542,0.072,1
301.625,0.109,1
301.708,0.146,1
301.792,0.183,1
301.875,0.22,1
301.958,0.256,1
302.042,0.291,1
302.125,0.324,1
302.208,0.355,1
302.292,0.384,1
302.375,0.411,1
302.458,0.436,1
302.542,0.458,1
302.625,0.478,1
302.708,0.495,1
302.792,0.51,1
302.875,0.522,1
302.958,0.531,1
303.042,0.538,1
303.125,0.542,1
303.208,0.543,1
303.292,0.542,1
303.375,0.538,1
303.458,0.531,1
303.542,0.522,1
303.625,0.51,1
303.708,0.495,1
303.792,0.478,1
303.875,0.458,1
303.958,0.436,1
304.042,0.411,1
304.125,0.384,1
304.208,0.355,1
304.292,0.324,1
304.375,0.291,1
304.458,0.256,1
304.542,0.22,1
304.625,0.183,1
304.708,0.146,1
304.792,0.109,1
304.875,0.072,1
304.958,0.036,1
305.042,0,1
305.125,-0.035,1
305.208,-0.072,1
305.292,-0.109,1
305.375,-0.146,1
305.458,-0.183,1
305.542,-0.22,1
305.625,-0.256,1
305.708,-0.291,1
305.792,-0.324,1
305.875,-0.355,1
305.958,-0.384,1
306.042,-0.411,1
306.125,-0.436,1
306.208,-0.458,1
306.292,-0.478,1
306.375,-0.495,1
306.458,-0.51,1
306.542,-0.522,1
306.625,-0.531,1
306.708,-0.538,1
306.792,-0.542,1
306.875,-0.543,1
306.958,-0.542,1
307.042,-0.538,1
307.125,-0.531,1
307.208,-0.522,1
307.292,-0.51,1
307.375,-0.495,1
307.458,-0.478,1
307.542,-0.458,1
307.625,-0.436,1
307.708,-0.411,1
307.792,-0.384,1
307.875,-0.355,1
307.958,-0.324,1
308.042,-0.291,1
308.125,-0.256,1
308.208,-0.22,1
308.292,-0.183,1
308.375,-0.146,1
308.458,-0.109,1
308.542,-0.072,1
308.625,-0.035,1
308.708,0,1
308.792,0.036,1
308.875,0.072,1
308.958,0.109,1
309.042,0.146,1
309.125,0.183,1
309.208,0.22,1
309.292,0.256,1
309.375,0.291,1
309.458,0.324,1
309.542,0.355,1
309.625,0.384,1
309.708,0.411,1
309.792,0.436,1
309.875,0.458,1
309.958,0.478,1
310.042,0.495,1
310.125,0.51,1
310.208,0.522,1
310.292,0.531,1
310.375,0.538,1
310.458,0.542,1
310.542,0.543,1
310.625,0.542,1
310.708,0.538,1
310.792,0.531,1
310.875,0.522,1
310.958,0.51,1
311.042,0.495,1
311.125,0.478,1
311.208,0.458,1
311.292,0.436,1
311.375,0.411,1
311.458,0.384,1
311.542,0.355,1
311.625,0.324,1
311.708,0.291,1
311.792,0.256,1
311.875,0.22,1
311.958,0.183,1
312.042,0.146,1
312.125,0.109,1
312.208,0.072,1
312.292,0.036,1
312.375,0,1
312.458,-0.035,1
312.542,-0.072,1
312.625,-0.109,1
312.708,-0.146,1
312.792,-0.183,1
312.875,-0.22,1
312.958,-0.256,1
313.042,-0.291,1
313.125,-0.324,1
313.208,-0.355,1
313.292,-0.384,1
313.375,-0.411,1
313.458,-0.436,1
313.542,-0.458,1
313.625,-0.478,1
313.708,-0.495,1
313.792,-0.51,1
313.875,-0.522,1
313.958,-0.531,1
314.042,-0.538,1
314.125,-0.542,1
314.208,-0.543,1
314.292,-0.542,1
314.375,-0.538,1
314.458,-0.531,1
314.542,-0.522,1
314.625,-0.51,1
314.708,-0.495,1
314.792,-0.478,1
314.875,-0.458,1
314.958,-0.436,1
315.042,-0.411,1
315.125,-0.384,1
315.208,-0.355,1
315.292,-0.324,1
315.375,-0.291,1
315.458,-0.256,1
315.542,-0.22,1
315.625,-0.183,1
315.708,-0.146,1
315.792,-0.109,1
315.875,-0.072,1
315.958,-0.035,1
316.042,0,1
316.125,0.036,1
316.208,0.072,1
316.292,0.109,1
316.375,0.146,1
316.458,0.183,1
316.542,0.22,1
316.625,0.256,1
316.708,0.291,1
316.792,0.324,1
316.875,0.355,1
316.958,0.384,1
317.042,0.411,1
317.125,0.436,1
317.208,0.458,1
317.292,0.478,1
317.375,0.495,1
317.458,0.51,1
317.542,0.522,1
317.625,0.531,1
317.708,0.538,1
317.792,0.542,1
317.875,0.543,1
317.958,0.542,1
318.042,0.538,1
318.125,0.531,1
318.208,0.522,1
318.292,0.51,1
318.375,0.495,1
318.458,0.478,1
318.542,0.458,1
318.625,0.436,1
318.708,0.411,1
318.792,0.384,1
318.875,0.355,1
318.958,0.324,1
319.042,0.291,1
319.125,0.256,1
319.208,0.22,1
319.292,0.183,1
319.375,0.146,1
319.458,0.109,1
319.542,0.072,1
319.625,0.036,1
319.708,0,1
319.792,-0.035,1
319.875,-0.072,1
319.958,-0.109,1
320.042,-0.146,1
320.125,-0.183,1
320.208,-0.22,1
320.292,-0.256,1
320.375,-0.291,1
320.458,-0.324,1
320.542,-0.355,1
320.625,-0.384,1
320.708,-0.411,1
320.792,-0.436,1
320.875,-0.458,1
320.958,-0.478,1
321.042,-0.495,1
321.125,-0.51,1
321.208,-0.522,1
321.292,-0.531,1
321.375,-0.538,1
321.458,-0.542,1
321.542,-0.543,1
321.625,-0.542,1
321.708,-0.538,1
321.792,-0.531,1
321.875,-0.522,1
321.958,-0.51,1
322.042,-0.495,1
322.125,-0.478,1
322.208,-0.458,1
322.292,-0.436,1
322.375,-0.411,1
322.458,-0.384,1
322.542,-0.355,1
322.625,-0.324,1
322.708,-0.291,1
322.792,-0.256,1
322.875,-0.22,1
322.958,-0.183,1
323.042,-0.146,1
323.125,-0.109,1
323.208,-0.072,1
323.292,-0.035,1
323.375,0,1
323.458,0.036,1
323.542,0.072,1
323.625,0.109,1
323.708,0.146,1
323.792,0.183,1
323.875,0.22,1
323.958,0.256,1
324.042,0.291,1
324.125,0.324,1
324.208,0.355,1
324.292,0.384,1
324.375,0.411,1
324.458,0.436,1
324.542,0.458,1
324.625,0.478,1
324.708,0.495,1
324.792,0.51,1
324.875,0.522,1
324.958,0.531,1
325.042,0.538,1
325.125,0.542,1
325.208,0.543,1
325.292,0.542,1
325.375,0.538,1
325.458,0.531,1
325.542,0.522,1
325.625,0.51,1
325.708,0.495,1
325.792,0.478,1
325.875,0.458,1
325.958,0.436,1
326.042,0.411,1
326.125,0.384,1
326.208,0.355,1
326.292,0.324,1
326.375,0.291,1
326.458,0.256,1
326.542,0.22,1
326.625,0.183,1
326.708,0.146,1
326.792,0.109,1
326.875,0.072,1
326.958,0.036,1
327.042,0,1
327.125,-0.035,1
327.208,-0.072,1
327.292,-0.109,1
327.375,-0.146,1
327.458,-0.183,1
327.542,-0.22,1
327.625,-0.256,1
327.708,-0.291,1
327.792,-0.324,1
327.875,-0.355,1
327.958,-0.384,1
328.042,-0.411,1
328.125,-0.436,1
328.208,-0.458,1
328.292,-0.478,1
328.375,-0.495,1
328.458,-0.51,1
328.542,-0.522,1
328.625,-0.531,1
328.708,-0.538,1
328.792,-0.542,1
328.875,-0.543,1
328.958,-0.542,1
329.042,-0.538,1
329.125,-0.531,1
329.208,-0.522,1
329.292,-0.51,1
329.375,-0.495,1
329.458,-0.478,1
329.542,-0.458,1
329.625,-0.436,1
329.708,-0.411,1
329.792,-0.384,1
329.875,-0.355,1
329.958,-0.324,1
330.042,-0.291,1
330.125,-0.256,1
330.208,-0.22,1
330.292,-0.183,1
330.375,-0.146,1
330.458,-0.109,1
330.542,-0.072,1
330.625,-0.035,1
330.708,0,1
330.792,0.036,1
330.875,0.072,1
330.958,0.109,1
331.042,0.146,1
331.125,0.183,1
331.208,0.22,1
331.292,0.256,1
331.375,0.291,1
331.458,0.324,1
331.542,0.355,1
331.625,0.384,1
331.708,0.411,1
331.792,0.436,1
331.875,0.458,1
331.958,0.478,1
332.042,0.495,1
332.125,0.51,1
332.208,0.522,1
332.292,0.531,1
332.375,0.538,1
332.458,0.542,1
332.542,0.543,1
332.625,0.542,1
332.708,0.538,1
332.792,0.531,1
332.875,0.522,1
332.958,0.51,1
333.042,0.495,1
333.125,0.478,1
333.208,0.458,1
333.292,0.436,1
333.375,0.411,1
333.458,0.384,1
333.542,0.355,1
333.625,0.324,1
333.708,0.291,1
333.792,0.256,1
333.875,0.22,1
333.958,0.183,1
334.042,0.146,1
334.125,0.109,1
334.208,0.072,1
334.292,0.036,1
334.375,0,1
334.458,-0.035,1
334.542,-0.072,1
334.625,-0.109,1
334.708,-0.146,1
334.792,-0.183,1
334.875,-0.22,1
334.958,-0.256,1
335.042,-0.291,1
335.125,-0.324,1
335.208,-0.355,1
335.292,-0.384,1
335.375,-0.411,1
335.458,-0.436,1
335.542,-0.458,1
335.625,-0.478,1
335.708,-0.495,1
335.792,-0.51,1
335.875,-0.522,1
335.958,-0.531,1
336.042,-0.538,1
336.125,-0.542,1
336.208,-0.543,1
336.292,-0.542,1
336.375,-0.538,1
336.458,-0.531,1
336.542,-0.522,1
336.625,-0.51,1
336.708,-0.495,1
336.792,-0.478,1
336.875,-0.458,1
336.958,-0.436,1
337.042,-0.411,1
337.125,-0.384,1
337.208,-0.355,1
337.292,-0.324,1
337.375,-0.291,1
337.458,-0.256,1
337.542,-0.22,1
337.625,-0.183,1
337.708,-0.146,1
337.792,-0.109,1
337.875,-0.072,1
337.958,-0.035,1
338.042,0,1
338.125,0.036,1
338.208,0.072,1
338.292,0.109,1
338.375,0.146,1
338.458,0.183,1
338.542,0.22,1
338.625,0.256,1
338.708,0.291,1
338.792,0.324,1
338.875,0.355,1
338.958,0.384,1
339.042,0.411,1
339.125,0.436,1
339.208,0.458,1
339.292,0.478,1
339.375,0.495,1
339.458,0.51,1
339.542,0.522,1
339.625,0.531,1
339.708,0.538,1
339.792,0.542,1
339.875,0.543,1
339.958,0.542,1
340.042,0.538,1
340.125,0.531,1
340.208,0.522,1
340.292,0.51,1
340.375,0.495,1
340.458,0.478,1
340.542,0.458,1
340.625,0.436,1
340.708,0.411,1
340.792,0.384,1
340.875,0.355,1
340.958,0.324,1
341.042,0.291,1
341.125,0.256,1
341.208,0.22,1
341.292,0.183,1
341.375,0.146,1
341.458,0.109,1
341.542,0.072,1
341.625,0.036,1
341.708,0,1
341.792,-0.035,1
341.875,-0.072,1
341.958,-0.109,1
342.042,-0.146,1
342.125,-0.183,1
342.208,-0.22,1
342.292,-0.256,1
342.375,-0.291,1
342.458,-0.324,1
342.542,-0.355,1
342.625,-0.384,1
342.708,-0.411,1
342.792,-0.436,1
342.875,-0.458,1
342.958,-0.478,1
343.042,-0.495,1
343.125,-0.51,1
343.208,-0.522,1
343.292,-0.531,1
343.375,-0.538,1
343.458,-0.542,1
343.542,-0.543,1
343.625,-0.542,1
343.708,-0.538,1
343.792,-0.531,1
343.875,-0.522,1
343.958,-0.51,1
344.042,-0.495,1
344.125,-0.478,1
344.208,-0.458,1
344.292,-0.436,1
344.375,-0.411,1
344.458,-0.384,1
344.542,-0.355,1
344.625,-0.324,1
344.708,-0.291,1
344.792,-0.256,1
344.875,-0.22,1
344.958,-0.183,1
345.042,-0.146,1
345.125,-0.109,1
345.208,-0.072,1
345.292,-0.035,1
345.375,0,1
345.458,0.036,1
345.542,0.072,1
345.625,0.109,1
345.708,0.146,1
345.792,0.183,1
345.875,0.22,1
345.958,0.256,1
346.042,0.291,1
346.125,0.324,1
346.208,0.355,1
346.292,0.384,1
346.375,0.411,1
346.458,0.436,1
346.542,0.458,1
346.625,0.478,1
346.708,0.495,1
346.792,0.51,1
346.875,0.522,1
346.958,0.531,1
347.042,0.538,1
347.125,0.542,1
347.208,0.543,1
347.292,0.542,1
347.375,0.538,1
347.458,0.531,1
347.542,0.522,1
347.625,0.51,1
347.708,0.495,1
347.792,0.478,1
347.875,0.458,1
347.958,0.436,1
348.042,0.411,1
348.125,0.384,1
348.208,0.355,1
348.292,0.324,1
348.375,0.291,1
348.458,0.256,1
348.542,0.22,1
348.625,0.183,1
348.708,0.146,1
348.792,0.109,1
348.875,0.072,1
348.958,0.036,1
349.042,0,1
349.125,-0.035,1
349.208,-0.072,1
349.292,-0.109,1
349.375,-0.146,1
349.458,-0.183,1
349.542,-0.22,1
349.625,-0.256,1
349.708,-0.291,1
349.792,-0.324,1
349.875,-0.355,1
349.958,-0.384,1
350.042,-0.411,1
350.125,-0.436,1
350.208,-0.458,1
350.292,-0.478,1
350.375,-0.495,1
350.458,-0.51,1
350.542,-0.522,1
350.625,-0.531,1
350.708,-0.538,1
350.792,-0.542,1
350.875,-0.543,1
350.958,-0.542,1
351.042,-0.538,1
351.125,-0.531,1
351.208,-0.522,1
351.292,-0.51,1
351.375,-0.495,1
351.458,-0.478,1
351.542,-0.458,1
351.625,-0.436,1
351.708,-0.411,1
351.792,-0.384,1
351.875,-0.355,1
351.958,-0.324,1
352.042,-0.291,1
352.125,-0.256,1
352.208,-0.22,1
352.292,-0.183,1
352.375,-0.146,1
352.458,-0.109,1
352.542,-0.072,1
352.625,-0.035,1
352.708,0,1
352.792,0.036,1
352.875,0.072,1
352.958,0.109,1
353.042,0.146,1
353.125,0.183,1
353.208,0.22,1
353.292,0.256,1
353.375,0.291,1
353.458,0.324,1
353.542,0.355,1
353.625,0.384,1
353.708,0.411,1
353.792,0.436,1
353.875,0.458,1
353.958,0.478,1
354.042,0.495,1
354.125,0.51,1
354.208,0.522,1
354.292,0.531,1
354.375,0.538,1
354.458,0.542,1
354.542,0.543,1
354.625,0.542,1
354.708,0.538,1
354.792,0.531,1
354.875,0.522,1
354.958,0.51,1
355.042,0.495,1
355.125,0.478,1
355.208,0.458,1
355.292,0.436,1
355.375,0.411,1
355.458,0.384,1
355.542,0.355,1
355.625,0.324,1
355.708,0.291,1
355.792,0.256,1
355.875,0.22,1
355.958,0.183,1
356.042,0.146,1
356.125,0.109,1
356.208,0.072,1
356.292,0.036,1
356.375,0,1
356.458,-0.035,1
356.542,-0.072,1
356.625,-0.109,1
356.708,-0.146,1
356.792,-0.183,1
356.875,-0.22,1
356.958,-0.256,1
357.042,-0.291,1
357.125,-0.324,1
357.208,-0.355,1
357.292,-0.384,1
357.375,-0.411,1
357.458,-0.436,1
357.542,-0.458,1
357.625,-0.478,1
357.708,-0.495,1
357.792,-0.51,1
357.875,-0.522,1
357.958,-0.531,1
358.042,-0.538,1
358.125,-0.542,1
358.208,-0.543,1
358.292,-0.542,1
358.375,-0.538,1
358.458,-0.531,1
358.542,-0.522,1
358.625,-0.51,1
358.708,-0.495,1
358.792,-0.478,1
358.875,-0.458,1
358.958,-0.436,1
359.042,-0.411,1
359.125,-0.384,1
359.208,-0.355,1
359.292,-0.324,1
359.375,-0.291,1
359.458,-0.256,1
359.542,-0.22,1
359.625,-0.183,1
359.708,-0.146,1
359.792,-0.109,1
359.875,-0.072,1
359.958,-0.035,1
360.042,0,1
360.125,0.036,1
360.208,0.072,1
360.292,0.109,1
360.375,0.146,1
360.458,0.183,1
360.542,0.22,1
360.625,0.256,1
360.708,0.291,1
360.792,0.324,1
360.875,0.355,1
360.958,0.384,1
361.042,0.411,1
361.125,0.436,1
361.208,0.458,1
361.292,0.478,1
361.375,0.495,1
361.458,0.51,1
361.542,0.522,1
361.625,0.531,1
361.708,0.538,1
361.792,0.542,1
361.875,0.543,1
361.958,0.542,1
362.042,0.538,1
362.125,0.531,1
362.208,0.522,1
362.292,0.51,1
362.375,0.495,1
362.458,0.478,1
362.542,0.458,1
362.625,0.436,1
362.708,0.411,1
362.792,0.384,1
362.875,0.355,1
362.958,0.324,1
363.042,0.291,1
363.125,0.256,1
363.208,0.22,1
363.292,0.183,1
363.375,0.146,1
363.458,0.109,1
363.542,0.072,1
363.625,0.036,1
363.708,0,1
363.792,-0.035,1
363.875,-0.072,1
363.958,-0.109,1
364.042,-0.146,1
364.125,-0.183,1
364.208,-0.22,1
364.292,-0.256,1
364.375,-0.291,1
364.458,-0.324,1
364.542,-0.355,1
364.625,-0.384,1
364.708,-0.411,1
364.792,-0.436,1
364.875,-0.458,1
364.958,-0.478,1
365.042,-0.495,1
365.125,-0.51,1
365.208,-0.522,1
365.292,-0.531,1
365.375,-0.538,1
365.458,-0.542,1
365.542,-0.543,1
365.625,-0.542,1
365.708,-0.538,1
365.792,-0.531,1
365.875,-0.522,1
365.958,-0.51,1
366.042,-0.495,1
366.125,-0.478,1
366.208,-0.458,1
366.292,-0.436,1
366.375,-0.411,1
366.458,-0.384,1
366.542,-0.355,1
366.625,-0.324,1
366.708,-0.291,1
366.792,-0.256,1
366.875,-0.22,1
366.958,-0.183,1
367.042,-0.146,1
367.125,-0.109,1
367.208,-0.072,1
367.292,-0.035,1
367.375,0,1
367.458,0.036,1
367.542,0.072,1
367.625,0.109,1
367.708,0.146,1
367.792,0.183,1
367.875,0.22,1
367.958,0.256,1
368.042,0.291,1
368.125,0.324,1
368.208,0.355,1
368.292,0.384,1
368.375,0.411,1
368.458,0.436,1
368.542,0.458,1
368.625,0.478,1
368.708,0.495,1
368.792,0.51,1
368.875,0.522,1
368.958,0.531,1
369.042,0.538,1
369.125,0.542,1
369.208,0.543,1
369.292,0.542,1
369.375,0.538,1
369.458,0.531,1
369.542,0.522,1
369.625,0.51,1
369.708,0.495,1
369.792,0.478,1
369.875,0.458,1
369.958,0.436,1
370.042,0.411,1
370.125,0.384,1
370.208,0.355,1
370.292,0.324,1
370.375,0.291,1
370.458,0.256,1
370.542,0.22,1
370.625,0.183,1
370.708,0.146,1
370.792,0.109,1
370.875,0.072,1
370.958,0.036,1
371.042,0,1
371.125,-0.035,1
371.208,-0.072,1
371.292,-0.109,1
371.375,-0.146,1
371.458,-0.183,1
371.542,-0.22,1
371.625,-0.256,1
371.708,-0.291,1
371.792,-0.324,1
371.875,-0.355,1
371.958,-0.384,1
372.042,-0.411,1
372.125,-0.436,1
372.208,-0.458,1
372.292,-0.478,1
372.375,-0.495,1
372.458,-0.51,1
372.542,-0.522,1
372.625,-0.531,1
372.708,-0.538,1
372.792,-0.542,1
372.875,-0.543,1
372.958,-0.542,1
373.042,-0.538,1
373.125,-0.531,1
373.208,-0.522,1
373.292,-0.51,1
373.375,-0.495,1
373.458,-0.478,1
373.542,-0.458,1
373.625,-0.436,1
373.708,-0.411,1
373.792,-0.384,1
373.875,-0.355,1
373.958,-0.324,1
374.042,-0.291,1
374.125,-0.256,1
374.208,-0.22,1
374.292,-0.183,1
374.375,-0.146,1
374.458,-0.109,1
374.542,-0.072,1
374.625,-0.035,1
374.708,0,1
374.792,0.036,1
374.875,0.072,1
374.958,0.109,1
375.042,0.146,1
375.125,0.183,1
375.208,0.22,1
375.292,0.256,1
375.375,0.291,1
375.458,0.324,1
375.542,0.355,1
375.625,0.384,1
375.708,0.411,1
375.792,0.436,1
375.875,0.458,1
375.958,0.478,1
376.042,0.495,1
376.125,0.51,1
376.208,0.522,1
376.292,0.531,1
376.375,0.538,1
376.458,0.542,1
376.542,0.543,1
376.625,0.542,1
376.708,0.538,1
376.792,0.531,1
376.875,0.522,1
376.958,0.51,1
377.042,0.495,1
377.125,0.478,1
377.208,0.458,1
377.292,0.436,1
377.375,0.411,1
377.458,0.384,1
377.542,0.355,1
377.625,0.324,1
377.708,0.291,1
377.792,0.256,1
377.875,0.22,1
377.958,0.183,1
378.042,0.146,1
378.125,0.109,1
378.208,0.072,1
378.292,0.036,1
378.375,0,1
378.458,-0.035,1
378.542,-0.072,1
378.625,-0.109,1
378.708,-0.146,1
378.792,-0.183,1
378.875,-0.22,1
378.958,-0.256,1
379.042,-0.291,1
379.125,-0.324,1
379.208,-0.355,1
379.292,-0.384,1
379.375,-0.411,1
379.458,-0.436,1
379.542,-0.458,1
379.625,-0.478,1
379.708,-0.495,1
379.792,-0.51,1
379.875,-0.522,1
379.958,-0.531,1
380.042,-0.538,1
380.125,-0.542,1
380.208,-0.543,1
380.292,-0.542,1
380.375,-0.538,1
380.458,-0.531,1
380.542,-0.522,1
380.625,-0.51,1
380.708,-0.495,1
380.792,-0.478,1
380.875,-0.458,1
380.958,-0.436,1
381.042,-0.411,1
381.125,-0.384,1
381.208,-0.355,1
381.292,-0.324,1
381.375,-0.291,1
381.458,-0.256,1
381.542,-0.22,1
381.625,-0.183,1
381.708,-0.146,1
381.792,-0.109,1
381.875,-0.072,1
381.958,-0.035,1
382.042,0,1
382.125,0.036,1
382.208,0.072,1
382.292,0.109,1
382.375,0.146,1
382.458,0.183,1
382.542,0.22,1
382.625,0.256,1
382.708,0.291,1
382.792,0.324,1
382.875,0.355,1
382.958,0.384,1
383.042,0.411,1
383.125,0.436,1
383.208,0.458,1
383.292,0.478,1
383.375,0.495,1
383.458,0.51,1
383.542,0.522,1
383.625,0.531,1
383.708,0.538,1
383.792,0.542,1
383.875,0.543,1
383.958,0.542,1
384.042,0.538,1
384.125,0.531,1
384.208,0.522,1
384.292,0.51,1
384.375,0.495,1
384.458,0.478,1
384.542,0.458,1
384.625,0.436,1
384.708,0.411,1
384.792,0.384,1
384.875,0.355,1
384.958,0.324,1
385.042,0.291,1
385.125,0.256,1
385.208,0.22,1
385.292,0.183,1
385.375,0.146,1
385.458,0.109,1
385.542,0.072,1
385.625,0.036,1
385.708,0,1
385.792,-0.035,1
385.875,-0.072,1
385.958,-0.109,1
386.042,-0.146,1
386.125,-0.183,1
386.208,-0.22,1
386.292,-0.256,1
386.375,-0.291,1
386.458,-0.324,1
386.542,-0.355,1
386.625,-0.384,1
386.708,-0.411,1
386.792,-0.436,1
386.875,-0.458,1
386.958,-0.478,1
387.042,-0.495,1
387.125,-0.51,1
387.208,-0.522,1
387.292,-0.531,1
387.375,-0.538,1
387.458,-0.542,1
387.542,-0.543,1
387.625,-0.542,1
387.708,-0.538,1
387.792,-0.531,1
387.875,-0.522,1
387.958,-0.51,1
388.042,-0.495,1
388.125,-0.478,1
388.208,-0.458,1
388.292,-0.436,1
388.375,-0.411,1
388.458,-0.384,1
388.542,-0.355,1
388.625,-0.324,1
388.708,-0.291,1
388.792,-0.256,1
388.875,-0.22,1
388.958,-0.183,1
389.042,-0.146,1
389.125,-0.109,1
389.208,-0.072,1
389.292,-0.035,1
389.375,0,1
389.458,0.036,1
389.542,0.072,1
389.625,0.109,1
389.708,0.146,1
389.792,0.183,1
389.875,0.22,1
389.958,0.256,1
390.042,0.291,1
390.125,0.324,1
390.208,0.355,1
390.292,0.384,1
390.375,0.411,1
390.458,0.436,1
390.542,0.458,1
390.625,0.478,1
390.708,0.495,1
390.792,0.51,1
390.875,0.522,1
390.958,0.531,1
391.042,0.538,1
391.125,0.542,1
391.208,0.543,1
391.292,0.542,1
391.375,0.538,1
391.458,0.531,1
391.542,0.522,1
391.625,0.51,1
391.708,0.495,1
391.792,0.478,1
391.875,0.458,1
391.958,0.436,1
392.042,0.411,1
392.125,0.384,1
392.208,0.355,1
392.292,0.324,1
392.375,0.291,1
392.458,0.256,1
392.542,0.22,1
392.625,0.183,1
392.708,0.146,1
392.792,0.109,1
392.875,0.072,1
392.958,0.036,1
393.042,0,1
393.125,-0.035,1
393.208,-0.072,1
393.292,-0.109,1
393.375,-0.146,1
393.458,-0.183,1
393.542,-0.22,1
393.625,-0.256,1
393.708,-0.291,1
393.792,-0.324,1
393.875,-0.355,1
393.958,-0.384,1
394.042,-0.411,1
394.125,-0.436,1
394.208,-0.458,1
394.292,-0.478,1
394.375,-0.495,1
394.458,-0.51,1
394.542,-0.522,1
394.625,-0.531,1
394.708,-0.538,1
394.792,-0.542,1
394.875,-0.543,1
394.958,-0.542,1
395.042,-0.538,1
395.125,-0.531,1
395.208,-0.522,1
395.292,-0.51,1
395.375,-0.495,1
395.458,-0.478,1
395.542,-0.458,1
395.625,-0.436,1
395.708,-0.411,1
395.792,-0.384,1
395.875,-0.355,1
395.958,-0.324,1
396.042,-0.291,1
396.125,-0.256,1
396.208,-0.22,1
396.292,-0.183,1
396.375,-0.146,1
396.458,-0.109,1
396.542,-0.072,1
396.625,-0.035,1
396.708,0,1
396.792,0.036,1
396.875,0.072,1
396.958,0.109,1
397.042,0.146,1
397.125,0.183,1
397.208,0.22,1
397.292,0.256,1
397.375,0.291,1
397.458,0.324,1
397.542,0.355,1
397.625,0.384,1
397.708,0.411,1
397.792,0.436,1
397.875,0.458,1
397.958,0.478,1
398.042,0.495,1
398.125,0.51,1
398.208,0.522,1
398.292,0.531,1
398.375,0.538,1
398.458,0.542,1
398.542,0.543,1
398.625,0.542,1
398.708,0.538,1
398.792,0.531,1
398.875,0.522,1
398.958,0.51,1
399.042,0.495,1
399.125,0.478,1
399.208,0.458,1
399.292,0.436,1
399.375,0.411,1
399.458,0.384,1
399.542,0.355,1
399.625,0.324,1
399.708,0.291,1
399.792,0.256,1
399.875,0.22,1
399.958,0.183,1
400.042,0.146,1
400.125,0.109,1
400.208,0.072,1
400.292,0.036,1
400.375,0,1
400.458,-0.035,1
400.542,-0.072,1
400.625,-0.109,1
400.708,-0.146,1
400.792,-0.183,1
400.875,-0.22,1
400.958,-0.256,1
401.042,-0.291,1
401.125,-0.324,1
401.208,-0.355,1
401.292,-0.384,1
401.375,-0.411,1
401.458,-0.436,1
401.542,-0.458,1
401.625,-0.478,1
401.708,-0.495,1
401.792,-0.51,1
401.875,-0.522,1
401.958,-0.531,1
402.042,-0.538,1
402.125,-0.542,1
402.208,-0.543,1
402.292,-0.542,1
402.375,-0.538,1
402.458,-0.531,1
402.542,-0.522,1
402.625,-0.51,1
402.708,-0.495,1
402.792,-0.478,1
402.875,-0.458,1
402.958,-0.436,1
403.042,-0.411,1
403.125,-0.384,1
403.208,-0.355,1
403.292,-0.324,1
403.375,-0.291,1
403.458,-0.256,1
403.542,-0.22,1
403.625,-0.183,1
403.708,-0.146,1
403.792,-0.109,1
403.875,-0.072,1
403.958,-0.035,1
404.042,0,1
404.125,0.036,1
404.208,0.072,1
404.292,0.109,1
404.375,0.146,1
404.458,0.183,1
404.542,0.22,1
404.625,0.256,1
404.708,0.291,1
404.792,0.324,1
404.875,0.355,1
404.958,0.384,1
405.042,0.411,1
405.125,0.436,1
405.208,0.458,1
405.292,0.478,1
405.375,0.495,1
405.458,0.51,1
405.542,0.522,1
405.625,0.531,1
405.708,0.538,1
405.792,0.542,1
405.875,0.543,1
405.958,0.542,1
406.042,0.538,1
406.125,0.531,1
406.208,0.522,1
406.292,0.51,1
406.375,0.495,1
406.458,0.478,1
406.542,0.458,1
406.625,0.436,1
406.708,0.411,1
406.792,0.384,1
406.875,0.355,1
406.958,0.324,1
407.042,0.291,1
407.125,0.256,1
407.208,0.22,1
407.292,0.183,1
407.375,0.146,1
407.458,0.109,1
407.542,0.072,1
407.625,0.036,1
407.708,0,1
407.792,-0.035,1
407.875,-0.072,1
407.958,-0.109,1
408.042,-0.146,1
408.125,-0.183,1
408.208,-0.22,1
408.292,-0.256,1
408.375,-0.291,1
408.458,-0.324,1
408.542,-0.355,1
408.625,-0.384,1
408.708,-0.411,1
408.792,-0.436,1
408.875,-0.458,1
408.958,-0.478,1
409.042,-0.495,1
409.125,-0.51,1
409.208,-0.522,1
409.292,-0.531,1
409.375,-0.538,1
409.458,-0.542,1
409.542,-0.543,1
409.625,-0.542,1
409.708,-0.538,1
409.792,-0.531,1
409.875,-0.522,1
409.958,-0.51,1
410.042,-0.495,1
410.125,-0.478,1
410.208,-0.458,1
410.292,-0.436,1
410.375,-0.411,1
410.458,-0.384,1
410.542,-0.355,1
410.625,-0.324,1
410.708,-0.291,1
410.792,-0.256,1
410.875,-0.22,1
410.958,-0.183,1
411.042,-0.146,1
411.125,-0.109,1
411.208,-0.072,1
411.292,-0.035,1
411.375,0,1
411.458,0.036,1
411.542,0.072,1
411.625,0.109,1
411.708,0.146,1
411.792,0.183,1
411.875,0.22,1
411.958,0.256,1
412.042,0.291,1
412.125,0.324,1
412.208,0.355,1
412.292,0.384,1
412.375,0.411,1
412.458,0.436,1
412.542,0.458,1
412.625,0.478,1
412.708,0.495,1
412.792,0.51,1
412.875,0.522,1
412.958,0.531,1
413.042,0.538,1
413.125,0.542,1
413.208,0.543,1
413.292,0.542,1
413.375,0.538,1
413.458,0.531,1
413.542,0.522,1
413.625,0.51,1
413.708,0.495,1
413.792,0.478,1
413.875,0.458,1
413.958,0.436,1
414.042,0.411,1
414.125,0.384,1
414.208,0.355,1
414.292,0.324,1
414.375,0.291,1
414.458,0.256,1
414.542,0.22,1
414.625,0.183,1
414.708,0.146,1
414.792,0.109,1
414.875,0.072,1
414.958,0.036,1
415.042,0,1
415.125,-0.035,1
415.208,-0.072,1
415.292,-0.109,1
415.375,-0.146,1
415.458,-0.183,1
415.542,-0.22,1
415.625,-0.256,1
415.708,-0.291,1
415.792,-0.324,1
415.875,-0.355,1
415.958,-0.384,1
416.042,-0.411,1
416.125,-0.436,1
416.208,-0.458,1
416.292,-0.478,1
416.375,-0.495,1
416.458,-0.51,1
416.542,-0.522,1
416.625,-0.531,1
416.708,-0.538,1
416.792,-0.542,1
416.875,-0.543,1
416.958,-0.542,1
417.042,-0.538,1
417.125,-0.531,1
417.208,-0.522,1
417.292,-0.51,1
417.375,-0.495,1
417.458,-0.478,1
417.542,-0.458,1
417.625,-0.436,1
417.708,-0.411,1
417.792,-0.384,1
417.875,-0.355,1
417.958,-0.324,1
418.042,-0.291,1
418.125,-0.256,1
418.208,-0.22,1
418.292,-0.183,1
418.375,-0.146,1
418.458,-0.109,1
418.542,-0.072,1
418.625,-0.035,1
418.708,0,1
418.792,0.036,1
418.875,0.072,1
418.958,0.109,1
419.042,0.146,1
419.125,0.183,1
419.208,0.22,1
419.292,0.256,1
419.375,0.291,1
419.458,0.324,1
419.542,0.355,1
419.625,0.384,1
419.708,0.411,1
419.792,0.436,1
419.875,0.458,1
419.958,0.478,1
420.042,0.495,1
420.125,0.51,1
420.208,0.522,1
420.292,0.531,1
420.375,0.538,1
420.458,0.542,1
420.542,0.543,1
420.625,0.542,1
420.708,0.538,1
420.792,0.531,1
420.875,0.522,1
420.958,0.51,1
421.042,0.495,1
421.125,0.478,1
421.208,0.458,1
421.292,0.436,1
421.375,0.411,1
421.458,0.384,1
421.542,0.355,1
421.625,0.324,1
421.708,0.291,1
421.792,0.256,1
421.875,0.22,1
421.958,0.183,1
422.042,0.146,1
422.125,0.109,1
422.208,0.072,1
422.292,0.036,1
422.375,0,1
422.458,-0.035,1
422.542,-0.072,1
422.625,-0.109,1
422.708,-0.146,1
422.792,-0.183,1
422.875,-0.22,1
422.958,-0.256,1
423.042,-0.291,1
423.125,-0.324,1
423.208,-0.355,1
423.292,-0.384,1
423.375,-0.411,1
423.458,-0.436,1
423.542,-0.458,1
423.625,-0.478,1
423.708,-0.495,1
423.792,-0.51,1
423.875,-0.522,1
423.958,-0.531,1
424.042,-0.538,1
424.125,-0.542,1
424.208,-0.543,1
424.292,-0.542,1
424.375,-0.538,1
424.458,-0.531,1
424.542,-0.522,1
424.625,-0.51,1
424.708,-0.495,1
424.792,-0.478,1
424.875,-0.458,1
424.958,-0.436,1
425.042,-0.411,1
425.125,-0.384,1
425.208,-0.355,1
425.292,-0.324,1
425.375,-0.291,1
425.458,-0.256,1
425.542,-0.22,1
425.625,-0.183,1
425.708,-0.146,1
425.792,-0.109,1
425.875,-0.072,1
425.958,-0.035,1
426.042,0,1
426.125,0.036,1
426.208,0.072,1
426.292,0.109,1
426.375,0.146,1
426.458,0.183,1
426.542,0.22,1
426.625,0.256,1
426.708,0.291,1
426.792,0.324,1
426.875,0.355,1
426.958,0.384,1
427.042,0.411,1
427.125,0.436,1
427.208,0.458,1
427.292,0.478,1
427.375,0.495,1
427.458,0.51,1
427.542,0.522,1
427.625,0.531,1
427.708,0.538,1
427.792,0.542,1
427.875,0.543,1
427.958,0.542,1
428.042,0.538,1
428.125,0.531,1
428.208,0.522,1
428.292,0.51,1
428.375,0.495,1
428.458,0.478,1
428.542,0.458,1
428.625,0.436,1
428.708,0.411,1
428.792,0.384,1
428.875,0.355,1
428.958,0.324,1
429.042,0.291,1
429.125,0.256,1
429.208,0.22,1
429.292,0.183,1
429.375,0.146,1
429.458,0.109,1
429.542,0.072,1
429.625,0.036,1
429.708,0,1
429.792,-0.035,1
429.875,-0.072,1
429.958,-0.109,1
430.042,-0.146,1
430.125,-0.183,1
430.208,-0.22,1
430.292,-0.256,1
430.375,-0.291,1
430.458,-0.324,1
430.542,-0.355,1
430.625,-0.384,1
430.708,-0.411,1
430.792,-0.436,1
430.875,-0.458,1
430.958,-0.478,1
431.042,-0.495,1
431.125,-0.51,1
431.208,-0.522,1
431.292,-0.531,1
431.375,-0.538,1
431.458,-0.542,1
431.542,-0.543,1
431.625,-0.542,1
431.708,-0.538,1
431.792,-0.531,1
431.875,-0.522,1
431.958,-0.51,1
432.042,-0.495,1
432.125,-0.478,1
432.208,-0.458,1
432.292,-0.436,1
432.375,-0.411,1
432.458,-0.384,1
432.542,-0.355,1
432.625,-0.324,1
432.708,-0.291,1
432.792,-0.256,1
432.875,-0.22,1
432.958,-0.183,1
433.042,-0.146,1
433.125,-0.109,1
433.208,-0.072,1
433.292,-0.035,1
433.375,0,1
433.458,0.036,1
433.542,0.072,1
433.625,0.109,1
433.708,0.146,1
433.792,0.183,1
433.875,0.22,1
433.958,0.256,1
434.042,0.291,1
434.125,0.324,1
434.208,0.355,1
434.292,0.384,1
434.375,0.411,1
434.458,0.436,1
434.542,0.458,1
434.625,0.478,1
434.708,0.495,1
434.792,0.51,1
434.875,0.522,1
434.958,0.531,1
435.042,0.538,1
435.125,0.542,1
435.208,0.543,1
435.292,0.542,1
435.375,0.538,1
435.458,0.531,1
435.542,0.522,1
435.625,0.51,1
435.708,0.495,1
435.792,0.478,1
435.875,0.458,1
435.958,0.436,1
436.042,0.411,1
436.125,0.384,1
436.208,0.355,1
436.292,0.324,1
436.375,0.291,1
436.458,0.256,1
436.542,0.22,1
436.625,0.183,1
436.708,0.146,1
436.792,0.109,1
436.875,0.072,1
436.958,0.036,1
437.042,0,1
437.125,-0.035,1
437.208,-0.072,1
437.292,-0.109,1
437.375,-0.146,1
437.458,-0.183,1
437.542,-0.22,1
437.625,-0.256,1
437.708,-0.291,1
437.792,-0.324,1
437.875,-0.355,1
437.958,-0.384,1
438.042,-0.411,1
438.125,-0.436,1
438.208,-0.458,1
438.292,-0.478,1
438.375,-0.495,1
438.458,-0.51,1
438.542,-0.522,1
438.625,-0.531,1
438.708,-0.538,1
438.792,-0.542,1
438.875,-0.543,1
438.958,-0.542,1
439.042,-0.538,1
439.125,-0.531,1
439.208,-0.522,1
439.292,-0.51,1
439.375,-0.495,1
439.458,-0.478,1
439.542,-0.458,1
439.625,-0.436,1
439.708,-0.411,1
439.792,-0.384,1
439.875,-0.355,1
439.958,-0.324,1
440.042,-0.291,1
440.125,-0.256,1
440.208,-0.22,1
440.292,-0.183,1
440.375,-0.146,1
440.458,-0.109,1
440.542,-0.072,1
440.625,-0.035,1
440.708,0,1
440.792,0.036,1
440.875,0.072,1
440.958,0.109,1
441.042,0.146,1
441.125,0.183,1
441.208,0.22,1
441.292,0.256,1
441.375,0.291,1
441.458,0.324,1
441.542,0.355,1
441.625,0.384,1
441.708,0.411,1
441.792,0.436,1
441.875,0.458,1
441.958,0.478,1
442.042,0.495,1
442.125,0.51,1
442.208,0.522,1
442.292,0.531,1
442.375,0.538,1
442.458,0.542,1
442.542,0.543,1
442.625,0.542,1
442.708,0.538,1
442.792,0.531,1
442.875,0.522,1
442.958,0.51,1
443.042,0.495,1
443.125,0.478,1
443.208,0.458,1
443.292,0.436,1
443.375,0.411,1
443.458,0.384,1
443.542,0.355,1
443.625,0.324,1
443.708,0.291,1
443.792,0.256,1
443.875,0.22,1
443.958,0.183,1
444.042,0.146,1
444.125,0.109,1
444.208,0.072,1
444.292,0.036,1
444.375,0,1
444.458,-0.035,1
444.542,-0.072,1
444.625,-0.109,1
444.708,-0.146,1
444.792,-0.183,1
444.875,-0.22,1
444.958,-0.256,1
445.042,-0.291,1
445.125,-0.324,1
445.208,-0.355,1
445.292,-0.384,1
445.375,-0.411,1
445.458,-0.436,1
445.542,-0.458,1
445.625,-0.478,1
445.708,-0.495,1
445.792,-0.51,1
445.875,-0.522,1
445.958,-0.531,1
446.042,-0.538,1
446.125,-0.542,1
446.208,-0.543,1
446.292,-0.542,1
446.375,-0.538,1
446.458,-0.531,1
446.542,-0.522,1
446.625,-0.51,1
446.708,-0.495,1
446.792,-0.478,1
446.875,-0.458,1
446.958,-0.436,1
447.042,-0.411,1
447.125,-0.384,1
447.208,-0.355,1
447.292,-0.324,1
447.375,-0.291,1
447.458,-0.256,1
447.542,-0.22,1
447.625,-0.183,1
447.708,-0.146,1
447.792,-0.109,1
447.875,-0.072,1
447.958,-0.035,1
448.042,0,1
448.125,0.036,1
448.208,0.072,1
448.292,0.109,1
448.375,0.146,1
448.458,0.183,1
448.542,0.22,1
448.625,0.256,1
448.708,0.291,1
448.792,0.324,1
448.875,0.355,1
448.958,0.384,1
449.042,0.411,1
449.125,0.436,1
449.208,0.458,1
449.292,0.478,1
449.375,0.495,1
449.458,0.51,1
449.542,0.522,1
449.625,0.531,1
449.708,0.538,1
449.792,0.542,1
449.875,0.543,1
449.958,0.542,1
450.042,0.538,1
450.125,0.531,1
450.208,0.522,1
450.292,0.51,1
450.375,0.495,1
450.458,0.478,1
450.542,0.458,1
450.625,0.436,1
450.708,0.411,1
450.792,0.384,1
450.875,0.355,1
450.958,0.324,1
451.042,0.291,1
451.125,0.256,1
451.208,0.22,1
451.292,0.183,1
451.375,0.146,1
451.458,0.109,1
451.542,0.072,1
451.625,0.036,1
451.708,0,1
451.792,-0.035,1
451.875,-0.072,1
451.958,-0.109,1
452.042,-0.146,1
452.125,-0.183,1
452.208,-0.22,1
452.292,-0.256,1
452.375,-0.291,1
452.458,-0.324,1
452.542,-0.355,1
452.625,-0.384,1
452.708,-0.411,1
452.792,-0.436,1
452.875,-0.458,1
452.958,-0.478,1
453.042,-0.495,1
453.125,-0.51,1
453.208,-0.522,1
453.292,-0.531,1
453.375,-0.538,1
453.458,-0.542,1
453.542,-0.543,1
453.625,-0.542,1
453.708,-0.538,1
453.792,-0.531,1
453.875,-0.522,1
453.958,-0.51,1
454.042,-0.495,1
454.125,-0.478,1
454.208,-0.458,1
454.292,-0.436,1
454.375,-0.411,1
454.458,-0.384,1
454.542,-0.355,1
454.625,-0.324,1
454.708,-0.291,1
454.792,-0.256,1
454.875,-0.22,1
454.958,-0.183,1
455.042,-0.146,1
455.125,-0.109,1
455.208,-0.072,1
455.292,-0.035,1
455.375,0,1
455.458,0.036,1
455.542,0.072,1
455.625,0.109,1
455.708,0.146,1
455.792,0.183,1
455.875,0.22,1
455.958,0.256,1
456.042,0.291,1
456.125,0.324,1
456.208,0.355,1
456.292,0.384,1
456.375,0.411,1
456.458,0.436,1
456.542,0.458,1
456.625,0.478,1
456.708,0.495,1
456.792,0.51,1
456.875,0.522,1
456.958,0.531,1
457.042,0.538,1
457.125,0.542,1
457.208,0.543,1
457.292,0.542,1
457.375,0.538,1
457.458,0.531,1
457.542,0.522,1
457.625,0.51,1
457.708,0.495,1
457.792,0.478,1
457.875,0.458,1
457.958,0.436,1
458.042,0.411,1
458.125,0.384,1
458.208,0.355,1
458.292,0.324,1
458.375,0.291,1
458.458,0.256,1
458.542,0.22,1
458.625,0.183,1
458.708,0.146,1
458.792,0.109,1
458.875,0.072,1
458.958,0.036,1
459.042,0,1
459.125,-0.035,1
459.208,-0.072,1
459.292,-0.109,1
459.375,-0.146,1
459.458,-0.183,1
459.542,-0.22,1
459.625,-0.256,1
459.708,-0.291,1
459.792,-0.324,1
459.875,-0.355,1
459.958,-0.384,1
460.042,-0.411,1
460.125,-0.436,1
460.208,-0.458,1
460.292,-0.478,1
460.375,-0.495,1
460.458,-0.51,1
460.542,-0.522,1
460.625,-0.531,1
460.708,-0.538,1
460.792,-0.542,1
460.875,-0.543,1
460.958,-0.542,1
461.042,-0.538,1
461.125,-0.531,1
461.208,-0.522,1
461.292,-0.51,1
461.375,-0.495,1
461.458,-0.478,1
461.542,-0.458,1
461.625,-0.436,1
461.708,-0.411,1
461.792,-0.384,1
461.875,-0.355,1
461.958,-0.324,1
462.042,-0.291,1
462.125,-0.256,1
462.208,-0.22,1
462.292,-0.183,1
462.375,-0.146,1
462.458,-0.109,1
462.542,-0.072,1
462.625,-0.035,1
462.708,0,1
462.792,0.036,1
462.875,0.072,1
462.958,0.109,1
463.042,0.146,1
463.125,0.183,1
463.208,0.22,1
463.292,0.256,1
463.375,0.291,1
463.458,0.324,1
463.542,0.355,1
463.625,0.384,1
463.708,0.411,1
463.792,0.436,1
463.875,0.458,1
463.958,0.478,1
464.042,0.495,1
464.125,0.51,1
464.208,0.522,1
464.292,0.531,1
464.375,0.538,1
464.458,0.542,1
464.542,0.543,1
464.625,0.542,1
464.708,0.538,1
464.792,0.531,1
464.875,0.522,1
464.958,0.51,1
465.042,0.495,1
465.125,0.478,1
465.208,0.458,1
465.292,0.436,1
465.375,0.411,1
465.458,0.384,1
465.542,0.355,1
465.625,0.324,1
465.708,0.291,1
465.792,0.256,1
465.875,0.22,1
465.958,0.183,1
466.042,0.146,1
466.125,0.109,1
466.208,0.072,1
466.292,0.036,1
466.375,0,1
466.458,-0.035,1
466.542,-0.072,1
466.625,-0.109,1
466.708,-0.146,1
466.792,-0.183,1
466.875,-0.22,1
466.958,-0.256,1
467.042,-0.291,1
467.125,-0.324,1
467.208,-0.355,1
467.292,-0.384,1
467.375,-0.411,1
467.458,-0.436,1
467.542,-0.458,1
467.625,-0.478,1
467.708,-0.495,1
467.792,-0.51,1
467.875,-0.522,1
467.958,-0.531,1
468.042,-0.538,1
468.125,-0.542,1
468.208,-0.543,1
468.292,-0.542,1
468.375,-0.538,1
468.458,-0.531,1
468.542,-0.522,1
468.625,-0.51,1
468.708,-0.495,1
468.792,-0.478,1
468.875,-0.458,1
468.958,-0.436,1
469.042,-0.411,1
469.125,-0.384,1
469.208,-0.355,1
469.292,-0.324,1
469.375,-0.291,1
469.458,-0.256,1
469.542,-0.22,1
469.625,-0.183,1
469.708,-0.146,1
469.792,-0.109,1
469.875,-0.072,1
469.958,-0.035,1
470.042,0,1
470.125,0.036,1
470.208,0.072,1
470.292,0.109,1
470.375,0.146,1
470.458,0.183,1
470.542,0.22,1
470.625,0.256,1
470.708,0.291,1
470.792,0.324,1
470.875,0.355,1
470.958,0.384,1
471.042,0.411,1
471.125,0.436,1
471.208,0.458,1
471.292,0.478,1
471.375,0.495,1
471.458,0.51,1
471.542,0.522,1
471.625,0.531,1
471.708,0.538,1
471.792,0.542,1
471.875,0.543,1
471.958,0.542,1
472.042,0.538,1
472.125,0.531,1
472.208,0.522,1
472.292,0.51,1
472.375,0.495,1
472.458,0.478,1
472.542,0.458,1
472.625,0.436,1
472.708,0.411,1
472.792,0.384,1
472.875,0.355,1
472.958,0.324,1
473.042,0.291,1
473.125,0.256,1
473.208,0.22,1
473.292,0.183,1
473.375,0.146,1
473.458,0.109,1
473.542,0.072,1
473.625,0.036,1
473.708,0,1
473.792,-0.035,1
473.875,-0.072,1
473.958,-0.109,1
474.042,-0.146,1
474.125,-0.183,1
474.208,-0.22,1
474.292,-0.256,1
474.375,-0.291,1
474.458,-0.324,1
474.542,-0.355,1
474.625,-0.384,1
474.708,-0.411,1
474.792,-0.436,1
474.875,-0.458,1
474.958,-0.478,1
475.042,-0.495,1
475.125,-0.51,1
475.208,-0.522,1
475.292,-0.531,1
475.375,-0.538,1
475.458,-0.542,1
475.542,-0.543,1
475.625,-0.542,1
475.708,-0.538,1
475.792,-0.531,1
475.875,-0.522,1
475.958,-0.51,1
476.042,-0.495,1
476.125,-0.478,1
476.208,-0.458,1
476.292,-0.436,1
476.375,-0.411,1
476.458,-0.384,1
476.542,-0.355,1
476.625,-0.324,1
476.708,-0.291,1
476.792,-0.256,1
476.875,-0.22,1
476.958,-0.183,1
477.042,-0.146,1
477.125,-0.109,1
477.208,-0.072,1
477.292,-0.035,1
477.375,0,1
477.458,0.036,1
477.542,0.072,1
477.625,0.109,1
477.708,0.146,1
477.792,0.183,1
477.875,0.22,1
477.958,0.256,1
478.042,0.291,1
478.125,0.324,1
478.208,0.355,1
478.292,0.384,1
478.375,0.411,1
478.458,0.436,1
478.542,0.458,1
478.625,0.478,1
478.708,0.495,1
478.792,0.51,1
478.875,0.522,1
478.958,0.531,1
479.042,0.538,1
479.125,0.542,1
479.208,0.543,1
479.292,0.542,1
479.375,0.538,1
479.458,0.531,1
479.542,0.522,1
479.625,0.51,1
479.708,0.495,1
479.792,0.478,1
479.875,0.458,1
479.958,0.436,1
480.042,0.411,1
480.125,0.384,1
480.208,0.355,1
480.292,0.324,1
480.375,0.291,1
480.458,0.256,1
480.542,0.22,1
480.625,0.183,1
480.708,0.146,1
480.792,0.109,1
480.875,0.072,1
480.958,0.036,1
481.042,0,1
481.125,-0.035,1
481.208,-0.072,1
481.292,-0.109,1
481.375,-0.146,1
481.458,-0.183,1
481.542,-0.22,1
481.625,-0.256,1
481.708,-0.291,1
481.792,-0.324,1
481.875,-0.355,1
481.958,-0.384,1
482.042,-0.411,1
482.125,-0.436,1
482.208,-0.458,1
482.292,-0.478,1
482.375,-0.495,1
482.458,-0.51,1
482.542,-0.522,1
482.625,-0.531,1
482.708,-0.538,1
482.792,-0.542,1
482.875,-0.543,1
482.958,-0.542,1
483.042,-0.538,1
483.125,-0.531,1
483.208,-0.522,1
483.292,-0.51,1
483.375,-0.495,1
483.458,-0.478,1
483.542,-0.458,1
483.625,-0.436,1
483.708,-0.411,1
483.792,-0.384,1
483.875,-0.355,1
483.958,-0.324,1
484.042,-0.291,1
484.125,-0.256,1
484.208,-0.22,1
484.292,-0.183,1
484.375,-0.146,1
484.458,-0.109,1
484.542,-0.072,1
484.625,-0.035,1
484.708,0,1
484.792,0.036,1
484.875,0.072,1
484.958,0.109,1
485.042,0.146,1
485.125,0.183,1
485.208,0.22,1
485.292,0.256,1
485.375,0.291,1
485.458,0.324,1
485.542,0.355,1
485.625,0.384,1
485.708,0.411,1
485.792,0.436,1
485.875,0.458,1
485.958,0.478,1
486.042,0.495,1
486.125,0.51,1
486.208,0.522,1
486.292,0.531,1
486.375,0.538,1
486.458,0.542,1
486.542,0.543,1
486.625,0.542,1
486.708,0.538,1
486.792,0.531,1
486.875,0.522,1
486.958,0.51,1
487.042,0.495,1
487.125,0.478,1
487.208,0.458,1
487.292,0.436,1
487.375,0.411,1
487.458,0.384,1
487.542,0.355,1
487.625,0.324,1
487.708,0.291,1
487.792,0.256,1
487.875,0.22,1
487.958,0.183,1
488.042,0.146,1
488.125,0.109,1
488.208,0.072,1
488.292,0.036,1
488.375,0,1
488.458,-0.035,1
488.542,-0.072,1
488.625,-0.109,1
488.708,-0.146,1
488.792,-0.183,1
488.875,-0.22,1
488.958,-0.256,1
489.042,-0.291,1
489.125,-0.324,1
489.208,-0.355,1
489.292,-0.384,1
489.375,-0.411,1
489.458,-0.436,1
489.542,-0.458,1
489.625,-0.478,1
489.708,-0.495,1
489.792,-0.51,1
489.875,-0.522,1
489.958,-0.531,1
490.042,-0.538,1
490.125,-0.542,1
490.208,-0.543,1
490.292,-0.542,1
490.375,-0.538,1
490.458,-0.531,1
490.542,-0.522,1
490.625,-0.51,1
490.708,-0.495,1
490.792,-0.478,1
490.875,-0.458,1
490.958,-0.436,1
491.042,-0.411,1
491.125,-0.384,1
491.208,-0.355,1
491.292,-0.324,1
491.375,-0.291,1
491.458,-0.256,1
491.542,-0.22,1
491.625,-0.183,1
491.708,-0.146,1
491.792,-0.109,1
491.875,-0.072,1
491.958,-0.035,1
492.042,0,1
492.125,0.036,1
492.208,0.072,1
492.292,0.109,1
492.375,0.146,1
492.458,0.183,1
492.542,0.22,1
492.625,0.256,1
492.708,0.291,1
492.792,0.324,1
492.875,0.355,1
492.958,0.384,1
493.042,0.411,1
493.125,0.436,1
493.208,0.458,1
493.292,0.478,1
493.375,0.495,1
493.458,0.51,1
493.542,0.522,1
493.625,0.531,1
493.708,0.538,1
493.792,0.542,1
493.875,0.543,1
493.958,0.542,1
494.042,0.538,1
494.125,0.531,1
494.208,0.522,1
494.292,0.51,1
494.375,0.495,1
494.458,0.478,1
494.542,0.458,1
494.625,0.436,1
494.708,0.411,1
494.792,0.384,1
494.875,0.355,1
494.958,0.324,1
495.042,0.291,1
495.125,0.256,1
495.208,0.22,1
495.292,0.183,1
495.375,0.146,1
495.458,0.109,1
495.542,0.072,1
495.625,0.036,1
495.708,0,1
495.792,-0.035,1
495.875,-0.072,1
495.958,-0.109,1
496.042,-0.146,1
496.125,-0.183,1
496.208,-0.22,1
496.292,-0.256,1
496.375,-0.291,1
496.458,-0.324,1
496.542,-0.355,1
496.625,-0.384,1
496.708,-0.411,1
496.792,-0.436,1
496.875,-0.458,1
496.958,-0.478,1
497.042,-0.495,1
497.125,-0.51,1
497.208,-0.522,1
497.292,-0.531,1
497.375,-0.538,1
497.458,-0.542,1
497.542,-0.543,1
497.625,-0.542,1
497.708,-0.538,1
497.792,-0.531,1
497.875,-0.522,1
497.958,-0.51,1
498.042,-0.495,1
498.125,-0.478,1
498.208,-0.458,1
498.292,-0.436,1
498.375,-0.411,1
498.458,-0.384,1
498.542,-0.355,1
498.625,-0.324,1
498.708,-0.291,1
498.792,-0.256,1
498.875,-0.22,1
498.958,-0.183,1
499.042,-0.146,1
499.125,-0.109,1
499.208,-0.072,1
499.292,-0.035,1
499.375,0,1
499.458,0.036,1
499.542,0.072,1
499.625,0.109,1
499.708,0.146,1
499.792,0.183,1
499.875,0.22,1
499.958,0.256,1
500.042,0.291,1
500.125,0.324,1
500.208,0.355,1
500.292,0.384,1
500.375,0.411,1
500.458,0.436,1
500.542,0.458,1
500.625,0.478,1
500.708,0.495,1
500.792,0.51,1
500.875,0.522,1
500.958,0.531,1
501.042,0.538,1
501.125,0.542,1
501.208,0.543,1
501.292,0.542,1
501.375,0.538,1
501.458,0.531,1
501.542,0.522,1
501.625,0.51,1
501.708,0.495,1
501.792,0.478,1
501.875,0.458,1
501.958,0.436,1
502.042,0.411,1
502.125,0.384,1
502.208,0.355,1
502.292,0.324,1
502.375,0.291,1
502.458,0.256,1
502.542,0.22,1
502.625,0.183,1
502.708,0.146,1
502.792,0.109,1
502.875,0.072,1
502.958,0.036,1
503.042,0,1
503.125,-0.035,1
503.208,-0.072,1
503.292,-0.109,1
503.375,-0.146,1
503.458,-0.183,1
503.542,-0.22,1
503.625,-0.256,1
503.708,-0.291,1
503.792,-0.324,1
503.875,-0.355,1
503.958,-0.384,1
504.042